4.989642747594262850e-01,4.996219914920433935e-01,4.999949982334427334e-01,4.999941332209986711e-01,4.999584967845421279e-01,4.999701374593776282e-01,4.999994857745340693e-01,4.999949469315944639e-01,4.999884241360850745e-01,4.999994002838212825e-01,4.957377378486640951e-01,4.999756143907900796e-01,4.999989948382035365e-01,4.956837752201052605e-01,4.988718014456762773e-01,4.999766700936569275e-01,4.999984255001863609e-01,4.999763277596414590e-01,4.957368623780271655e-01,4.992161644144109678e-01,4.121755571977300803e-01,4.999994876942601141e-01,4.999707259439193363e-01,4.999717913379856937e-01,4.999506855268404104e-01,4.999380390412053177e-01,4.999947301619063200e-01,4.542993306698202005e-01,4.993172579003523626e-01,4.999786626594636685e-01,4.999442504159905543e-01,4.995386481032118020e-01,4.999666954671505015e-01,4.999537133444624804e-01,4.999941548041372252e-01,4.999947797825084472e-01,4.999899893062281220e-01,4.999432773701490418e-01,4.989262493153687750e-01,4.991911751649482087e-01,4.996242275753273177e-01,4.998983476321338104e-01,4.999914382464111795e-01,4.991882176105936764e-01,4.999970308760937621e-01,4.999437081410607053e-01,4.996194994766214315e-01,4.542955312109465682e-01,4.989745837724764432e-01,4.988636689368387556e-01
4.456423111715191454e-01,4.911531846289355907e-01,4.993073983987769693e-01,4.997608710889283046e-01,4.998311579401195637e-01,4.976904900032635970e-01,4.998427633849545915e-01,4.998228412326168879e-01,4.993332420102511437e-01,4.999436613297292831e-01,1.435185267894237560e-01,4.977574441421377949e-01,4.999112241597560846e-01,1.431697962051010076e-01,4.443464582895892967e-01,4.978641051657057282e-01,4.998779801747951779e-01,4.997780810831245479e-01,1.435335707511816716e-01,2.517599690993189143e-01,2.229239400568276963e-01,4.998987247241422072e-01,4.979736406631131707e-01,4.978858419801495683e-01,4.956081075804202318e-01,4.980790507148714075e-01,4.996871589288878202e-01,4.704686955663247572e-01,4.910392443419893116e-01,4.979920169840513222e-01,4.992727053731594311e-01,4.944761698011800877e-01,4.995946936588332443e-01,4.976985762374179223e-01,4.997682174833930069e-01,4.993750623556212909e-01,4.998406229745893103e-01,4.987153727849931162e-01,4.445963046317090162e-01,2.507250488330029503e-01,4.910131248667624626e-01,4.986582369120038383e-01,4.986242617733164240e-01,4.774523763154689959e-01,4.998632119053779688e-01,4.986425854094958532e-01,4.909338735545495380e-01,4.676782424721312448e-01,4.455451416533283693e-01,4.444068292388358432e-01
4.726219469141685892e-01,4.683785992384120189e-01,4.180116055089649341e-01,4.576162897699771470e-01,4.898057387426257847e-01,4.558462730513214711e-01,4.951177750236815389e-01,3.819634511288311773e-01,3.702084568148913402e-01,4.957736396641158061e-01,3.636689690450812251e-01,4.703885668881554460e-01,4.934939250743587413e-01,4.364732673166273336e-01,3.753156707713877771e-01,4.943131179672809461e-01,4.853940791532157517e-01,4.969125248667174422e-01,4.314907389851313502e-01,4.839371123879932513e-01,4.644961658980060748e-01,4.872317181753680337e-01,1.709753517508856846e-01,4.911480582690188057e-01,4.544507851071059590e-01,3.690825296068120931e-01,4.115136396283706754e-01,4.897527571459456830e-01,3.773974720413125761e-01,1.709916230816483362e-01,3.642599743426829795e-01,4.406264402191485408e-01,4.747383257505849441e-01,4.945634120827834823e-01,3.630680196254417735e-01,3.967530223576608561e-01,4.894701221161691929e-01,4.934950489146466279e-01,1.507533410451815381e-01,4.839636581131052662e-01,4.848402049862252650e-01,4.927744205616303996e-01,4.748679786285745497e-01,4.757111731501401097e-01,4.964501147509352008e-01,4.918732217063452317e-01,3.651161564307655594e-01,4.250978151290749074e-01,4.184181357695185843e-01,4.454972161538834907e-01
2.814682011548534368e-01,4.357965386988673084e-01,4.371612073413921329e-01,4.885317579075590388e-01,4.893996884329133157e-01,4.801570890064719710e-01,-4.293739528672932959e-01,4.983895689859526579e-01,2.736700778011353918e-01,4.956694675920575999e-01,4.735548920761983305e-01,-2.754098414322559973e-01,4.247080839995845958e-01,-4.391676438698992047e-01,1.303515658354227891e-01,4.409277087059571554e-01,4.970389959999031437e-01,4.974526716736320520e-01,4.670304303593917350e-01,-4.088269969783059898e-01,4.880608976905879692e-01,4.958855920100151971e-01,2.286576694986856839e-01,2.306331060237528652e-01,4.175352101017475448e-01,4.760142516057807027e-01,4.854344986617333269e-01,4.941044113915085134e-01,3.847340630420939545e-01,4.936511341070554670e-01,3.630368164395627040e-01,1.403551787720234978e-02,4.855627839713078098e-01,4.977400000827115756e-01,4.500178398309072070e-01,4.776150045479030104e-01,3.903361115798637537e-01,4.952337927303323006e-01,-2.430495539262327587e-01,1.974763317377521699e-01,4.212255967144403757e-01,4.391905814523709983e-01,4.916495927503669039e-01,4.830238016288789238e-01,4.470781016409842712e-01,-4.121960779441635747e-01,4.964164278550909915e-01,4.930676120832974130e-01,2.560714965315017411e-01,8.194110854166332392e-03
4.970122732935485788e-01,4.953264470629218930e-01,4.971869201507942426e-01,4.969978126295299115e-01,4.738534272300037875e-01,4.944888429182929257e-01,4.644634123915363788e-01,4.988923690079376527e-01,4.890906040186894232e-01,4.986358255967140996e-01,4.630810753169873339e-01,4.685980470031524958e-01,4.984709756139198422e-01,4.313360189929962285e-01,4.619271891004108066e-01,4.929831592962787279e-01,4.985768336487430563e-01,4.990574085276019423e-01,4.615257738678498201e-01,4.664328669771821700e-01,2.881158951179568772e-01,4.990419044755509126e-01,4.849688312750217167e-01,4.895410683615329939e-01,4.957118068772263797e-01,4.874861717243839099e-01,4.966799406031871533e-01,-3.808094041099560068e-01,4.980227819516859222e-01,4.956585969915427436e-01,4.855784415160014911e-01,3.531588293783881061e-01,4.946847732981500823e-01,4.989563633987765257e-01,4.978706658836684062e-01,4.929087624010162760e-01,4.903225246235239365e-01,4.940695852315133973e-01,4.572866497205559377e-01,4.876825766360281533e-01,4.977221086018413509e-01,4.897614851105474010e-01,4.974604976544358403e-01,4.859537082907293692e-01,4.959563003579769425e-01,4.654563766136456393e-01,4.978092570084838853e-01,-3.801169794292523219e-01,4.990542186834036054e-01,3.499490134410144782e-01
3.134206173223599290e-01,4.961841839203183779e-01,4.900455822928311833e-01,4.978396515138421297e-01,4.921300964703180791e-01,4.967838281296031444e-01,4.764471101525462604e-01,4.986285680546419519e-01,4.952462264797105607e-01,4.989794263522936979e-01,4.957479317015113796e-01,4.743521735410068940e-01,4.983484784063565431e-01,4.687426613490646155e-01,3.061246029838978755e-01,4.983137914166004268e-01,4.982629950977799926e-01,4.987496400361583482e-01,4.961549842192609083e-01,4.755940522782544644e-01,3.682083558817665914e-01,4.986564092474257692e-01,4.919397224365497645e-01,4.982283006940755876e-01,4.943869958069479487e-01,4.915387782605087352e-01,4.984844805533478196e-01,4.299901083060692075e-01,4.960980307867034478e-01,4.940465037385055047e-01,4.804480360382542004e-01,4.109695606872563745e-01,4.958724116851618846e-01,4.980491445308826703e-01,4.972194941484017194e-01,4.984010984385345289e-01,4.953121952535085026e-01,4.931337570433473871e-01,2.860257709892576883e-01,4.966015788743060044e-01,4.938745608545188071e-01,4.904315010336396941e-01,4.970849091719882207e-01,4.714027136894086145e-01,4.964822004495852981e-01,4.709743330418306728e-01,4.962251259041181584e-01,4.271979961398419401e-01,3.133076811034744558e-01,2.607706259266397431e-01
4.975398833501530893e-01,4.907131955254970257e-01,4.801713163285366015e-01,4.969265024004901332e-01,4.908635119359753274e-01,4.965713923629683779e-01,4.984803844428004616e-01,4.990398174363580575e-01,4.978417087879928871e-01,4.993682821103903047e-01,4.929806459605344804e-01,4.969472012014614082e-01,4.981125895693017114e-01,4.894958400565800338e-01,4.842033072940636340e-01,4.972437735224708444e-01,4.987328898042766023e-01,4.975084568518811090e-01,4.932451724699698503e-01,4.978994103060008225e-01,4.964496221899865058e-01,4.985321904239618518e-01,4.925977264362589314e-01,4.967287594242949522e-01,4.926710941655771947e-01,4.929740291666686036e-01,4.976951061404082388e-01,4.986470957561942030e-01,4.908105047979308133e-01,4.966358119157153750e-01,4.876641132568204640e-01,4.324754005864243633e-01,4.931315245556656124e-01,4.962573301688703586e-01,4.983128064903867283e-01,4.981344977919027195e-01,4.934495276889245829e-01,4.950064687833922727e-01,4.849836563163583691e-01,4.958055963922468612e-01,4.882266139189828658e-01,4.944750091746313303e-01,4.987673020975649796e-01,4.592597159757451641e-01,4.987053082266139636e-01,4.944253587912589842e-01,4.911766674909809893e-01,4.948364836660237853e-01,4.961013155606155967e-01,4.335824855123596167e-01
1.189237181460276772e-02,4.928452036710280204e-01,4.853333792638050426e-01,4.950082242790826426e-01,4.975325458682872126e-01,4.886117262571788022e-01,4.843948416854355066e-01,4.996921622796453577e-01,4.815854327260171153e-01,4.992181331830745639e-01,4.952488246499320290e-01,4.811846914949530207e-01,4.985310422895451454e-01,4.846585500394466339e-01,1.171679112583353007e-02,4.889945073190899438e-01,4.991009462746917036e-01,4.985121300757017759e-01,4.934934985543410479e-01,4.830857654315562355e-01,9.799783556499042092e-02,4.987980065749682557e-01,4.943447623125973855e-01,4.867111017160167252e-01,4.832655772466832866e-01,4.817638437238834226e-01,4.945510649637082090e-01,2.217133755826347918e-01,4.965968057476652930e-01,4.979073110051983053e-01,4.782112518440537752e-01,4.816521540340452656e-01,4.971797074343077827e-01,4.926501937525539776e-01,4.992253465141943680e-01,4.833747477758770228e-01,4.944596201684577363e-01,4.987147289276265272e-01,1.146671449238684595e-02,4.849336637605894396e-01,4.956409782195891900e-01,4.970044481464104269e-01,4.978862584893981036e-01,4.696912131430815429e-01,4.988025446739312585e-01,4.874238948175874664e-01,4.964428909129390832e-01,2.184615014016361711e-01,1.188860465956876472e-02,1.160499131760361728e-02
4.815273630754707268e-01,4.720178755393309999e-01,4.624219903054496150e-01,4.847411378702361495e-01,4.791508220143985697e-01,4.479190464326802679e-01,4.575635850231787871e-01,3.939569558522559301e-01,2.422297579522603994e-01,4.949186426446256504e-01,4.681238278716658430e-01,4.367700800101319558e-01,4.943080505153235604e-01,4.562319892577116898e-01,3.756035618195506243e-01,4.922316983525010792e-01,4.895555845197314682e-01,4.965374418547680024e-01,4.722664512765863964e-01,4.600702052137845000e-01,4.024971073743966454e-01,4.971073428996404808e-01,1.758611148968057258e-01,4.830236390044380101e-01,4.642958385540576494e-01,2.592840324018734210e-01,4.023025261055894197e-01,4.469925217724463051e-01,3.882806285001020319e-01,1.767846482863566215e-01,2.649400549168527963e-01,4.853938533534843391e-01,4.884504364388318476e-01,4.968353790854365681e-01,3.828090855098335576e-01,2.701073280739553217e-01,4.805389994944446741e-01,4.927591146475809314e-01,1.562736670817473916e-01,4.898115318773973992e-01,4.902368362357332199e-01,4.847758801778252469e-01,4.825205232119400556e-01,4.764679692673908784e-01,4.898099510024107039e-01,4.579049817212271778e-01,3.924569545483853616e-01,4.320351627904208125e-01,4.814716015252794579e-01,4.773929735244407668e-01
4.731506117970943892e-01,4.694848935379831723e-01,4.842542145836166712e-01,4.779528538217778788e-01,4.814661785141803874e-01,4.940578440913308556e-01,1.157658575111086829e-01,4.957853170666876030e-01,4.671324455144102439e-01,4.554460733940993156e-01,3.778472845535481572e-01,4.630935525829619759e-01,4.325143037796333467e-01,2.569168524695419342e-01,4.810438574035568182e-01,1.157824029196408283e-01,4.936024802505225018e-01,4.976522298053477900e-01,3.771979065682123933e-01,4.356583146964589925e-01,4.347250679573727572e-01,4.861565677097728910e-01,4.768732759180950853e-01,4.900801933976187130e-01,4.181777558014855845e-01,4.933912061865508014e-01,4.935828386253476863e-01,4.693387708729911401e-01,4.251438864124378325e-01,4.934601371708534079e-01,4.119535920888690028e-01,4.684693440303609457e-01,4.854193223165509941e-01,4.854307352648111751e-01,4.642852000428954184e-01,4.765120991314376608e-01,2.407991811093457002e-01,4.954174255514120495e-01,1.178343871077277144e-01,4.070677765528510350e-01,4.210531802546473856e-01,3.515043158715174809e-01,4.760243307087576037e-01,4.928359661409516534e-01,4.592090367250268867e-01,4.333558651351980817e-01,4.948988633657031566e-01,4.632742210146799655e-01,4.766273650690867059e-01,9.008055056321451204e-02
4.999177350744410386e-01,4.994342509210123460e-01,4.989862772443702243e-01,4.999075889798879624e-01,-5.509992059098810235e-02,4.998775951296139386e-01,4.976039971479219726e-01,4.999666199415537249e-01,4.999455165721600758e-01,4.999352236582064735e-01,4.985399347067253628e-01,4.982384128671899504e-01,4.997490682391396710e-01,4.965937079802102971e-01,-5.477650427167110592e-02,4.992766897951884109e-01,4.999326282509633512e-01,4.999289433242032898e-01,4.985258985476652693e-01,4.786611195972649280e-01,4.981642738566950945e-01,4.999258534518186137e-01,4.953814885995115325e-01,4.976921193794314191e-01,4.996062339166681965e-01,4.998889640700525661e-01,4.999393343523959587e-01,4.993208407042792896e-01,4.993903501135834588e-01,4.992966932673738589e-01,2.283162804905435744e-02,3.816451311637655275e-01,4.982278161710141373e-01,4.999267905998908135e-01,4.999382048215729735e-01,4.999143335583439152e-01,4.976279690184212678e-01,4.998576684278833726e-01,2.277476281102103553e-02,4.970184001867357093e-01,4.992036132794697156e-01,4.807496008782392583e-01,4.992881382847899063e-01,6.376247529013141790e-02,4.808447410302039149e-01,4.980846913745715088e-01,4.995817674993572877e-01,4.992049792884770687e-01,4.999221969521064346e-01,3.965779678244556461e-01
4.979792090733420884e-01,4.998613872409032322e-01,4.999925016181237525e-01,4.999979423172525306e-01,4.992530346135088393e-01,4.999928670004622488e-01,4.997408062984717847e-01,4.999997423384647255e-01,4.999839350676964500e-01,4.999979712640434948e-01,4.987164336208090298e-01,4.997403302999428587e-01,4.999990597041164553e-01,4.984610829765537265e-01,4.971928782658331381e-01,4.999797116773345151e-01,4.999997491456615317e-01,4.999922665541875477e-01,4.987158197930003922e-01,4.994965431262762268e-01,4.995634260803560878e-01,4.999990436172815911e-01,4.999052052854472961e-01,4.999734934140400155e-01,4.999941201097087284e-01,4.999893894924642423e-01,4.999981989553580197e-01,4.999038998336365336e-01,4.998596693570218075e-01,4.999970546401787952e-01,4.997505832860106301e-01,4.934835335656828637e-01,4.999261578607123169e-01,4.999896174068190202e-01,4.999972065223920459e-01,4.999981057024869280e-01,4.999218607357932553e-01,4.999872044808273408e-01,4.975467860781948026e-01,4.997327306878855957e-01,4.998678017985172528e-01,4.999572257427628563e-01,4.999951194626365836e-01,4.977436846833424022e-01,4.999774058648655539e-01,4.997489104063208010e-01,4.998678235184760843e-01,4.998987871227562607e-01,4.979801830879159175e-01,4.912297215695095587e-01
4.993119736203357473e-01,4.997746952974513324e-01,4.999988174641478711e-01,4.999989889296864165e-01,4.999868323095605915e-01,4.999909531860876055e-01,4.999952491406350341e-01,4.999999197036204546e-01,4.999835444926450378e-01,4.999998661568655356e-01,4.983236577479270846e-01,4.999871600756552459e-01,4.999996783817763912e-01,4.983166537699143528e-01,4.992838337837869345e-01,4.999925102764640750e-01,4.999996719430407910e-01,4.999962771120516347e-01,4.983231788117701844e-01,4.996075930527439368e-01,4.994156355741503073e-01,4.999993777149059904e-01,4.989921807210503379e-01,4.999901583844502118e-01,4.999843496775840390e-01,4.999824931057631483e-01,4.999978416858432695e-01,4.999071230756206852e-01,4.997710360372022431e-01,4.990055320980454900e-01,4.999623716151946895e-01,4.985817951331283915e-01,4.999888301124217893e-01,4.999889098759162653e-01,4.999994465353213569e-01,4.999858002497151732e-01,4.999918657554022761e-01,4.999964280391590576e-01,4.992934707216626911e-01,4.996043272770228638e-01,4.997753884577840200e-01,4.999922428311148748e-01,4.990068654572404339e-01,4.975933477805350447e-01,4.999992237136222095e-01,4.999920895581608793e-01,4.997757799263753964e-01,4.998918261382207517e-01,4.993140001546617635e-01,4.982883586821246769e-01
7.288610991385069404e-02,4.990202043032451185e-01,4.993290526962245734e-01,4.999484339870119420e-01,4.998402189183703825e-01,4.974341703460493092e-01,4.999877122915185601e-01,4.999138982376978846e-01,4.972237814131622025e-01,4.999766739078198574e-01,3.869374394221014590e-01,4.979096918542774142e-01,4.999697440581398755e-01,3.868951315526052426e-01,7.280786328169906729e-02,4.979098587119166197e-01,4.999406890008454840e-01,4.999652506106446737e-01,3.869334188044799006e-01,4.809309352233214208e-01,1.639376980548429841e-01,4.999747694432657985e-01,4.992735666699202324e-01,4.978976689851722925e-01,4.957338483096714876e-01,4.974947814832318960e-01,4.999343336183493247e-01,2.916872527822081951e-01,4.989736686846793501e-01,4.992888375868475559e-01,4.975897108634483867e-01,4.946962965608319163e-01,4.999122435138969034e-01,4.978903282896446347e-01,4.998757984916123442e-01,4.976487081082952568e-01,4.999267077735121134e-01,4.998603108472965961e-01,7.291280526914281634e-02,4.789127361503398017e-01,4.989742883653541239e-01,4.998407504654703293e-01,4.994135022709453864e-01,4.945973914886447886e-01,4.999502051246880185e-01,4.998750615756166749e-01,4.989691556544991746e-01,2.905218106617317164e-01,7.289534647854048477e-02,7.245086851505298797e-02
3.926050926083973769e-01,4.978343910656586324e-01,3.917492382490417868e-01,4.929739064999266174e-01,4.932217483963680094e-01,3.832292500387549095e-01,4.985985386050831858e-01,4.580976512298309267e-01,-3.433138066969020075e-02,4.993018980168479337e-01,4.930299538629636102e-01,4.835115917637556326e-01,4.985267770983188851e-01,4.473059696534375518e-01,2.466334940351056493e-01,4.966676214686866486e-01,4.985801272137868057e-01,4.993128018540043400e-01,4.742005165238746267e-01,4.974825237682612422e-01,4.054151245543431425e-01,4.978268865444445690e-01,3.407566514878402342e-01,4.965904776917572372e-01,4.870178215238534225e-01,-3.796990282076197903e-02,4.222203497209473522e-01,4.509992099322580605e-01,4.535199177980276941e-01,3.409947347909985660e-01,-4.211881576159243190e-02,4.848003091145249299e-01,4.951009240429818936e-01,4.969551665543895935e-01,4.572458546781152378e-01,-4.229345046077785664e-02,4.929420235201664724e-01,4.508689151438530773e-01,2.666204018026980260e-01,4.951338448893214395e-01,4.972307121181850920e-01,4.511106356894003522e-01,4.950788217002402014e-01,4.379543491500686447e-01,4.994836655190952879e-01,4.506847545034658453e-01,4.545042806064031882e-01,4.461407918890085145e-01,3.895719363528287182e-01,3.955393916550717370e-01
3.507371809032672760e-01,4.224438868016252568e-01,3.419838605529542663e-01,4.488012815954737778e-01,4.706492179769592998e-01,3.774376907342814613e-01,4.464684061091474532e-01,4.887712199513570277e-01,4.855313072718148160e-01,4.798653714336655884e-01,4.495713409341435263e-01,4.425992605211392372e-01,4.663961954651807962e-01,4.334256885435330275e-01,3.721902439761937686e-01,4.650321934626250320e-01,4.848545011623295875e-01,4.940427765567915741e-01,4.332005489518084285e-01,4.611732516888097377e-01,4.058222703181176283e-01,4.558212197624970097e-01,4.771902077429642230e-01,4.661900035940351184e-01,4.625726311068302232e-01,4.695848917438458781e-01,4.592110921566814330e-01,4.541970611317061035e-01,4.840322574445628523e-01,4.721165178038235211e-01,4.628889623673834164e-01,4.629697712706554724e-01,4.907701534752151873e-01,4.729797301803245757e-01,4.835364556681969739e-01,4.677670266916003072e-01,4.657060635206543564e-01,4.841857456691500139e-01,3.460308613704078939e-01,4.632870343107828304e-01,4.572730692217525927e-01,3.983677708886043667e-01,4.320053478081909426e-01,4.413815037927158458e-01,4.675446305571853700e-01,4.613276033386153330e-01,4.736376551039959137e-01,4.663034541396589017e-01,3.753080967542168911e-01,3.596972521749434715e-01
4.946148402637787211e-01,4.779749389761048239e-01,4.985447264598314443e-01,4.949648148663397529e-01,4.824298076984496197e-01,4.967441576246136581e-01,4.961441788232009431e-01,4.994292971433753614e-01,4.961808636890623347e-01,4.988273258982017788e-01,4.947297610596496642e-01,4.948937338030785504e-01,4.950302350873746482e-01,4.898082834296344501e-01,4.635264171752406792e-01,4.979843455970651700e-01,4.979769798014388460e-01,4.986016319919557294e-01,4.931625952936162238e-01,4.933609611523344096e-01,4.680824178925983570e-01,4.984434205155421904e-01,2.297332711018065798e-01,4.822432167703845640e-01,4.899368007920796853e-01,4.924804163848289784e-01,4.949692264193570890e-01,4.839181750165601481e-01,4.944626545329305900e-01,4.936849863526342475e-01,2.341526196853320752e-01,4.937504517181482422e-01,2.378759690996764264e-01,4.982585139440027788e-01,4.974319383634797642e-01,4.987964047184303973e-01,2.281782299679278037e-01,4.787000768473916867e-01,4.794430800058509523e-01,4.810986258425806739e-01,4.921477713707674839e-01,4.890371199211324682e-01,4.953836213215779272e-01,4.348034903084920244e-01,4.946963573579909457e-01,4.885642829333103343e-01,4.980854365818657148e-01,4.816400689967659798e-01,4.949706232781420079e-01,4.863220196733375467e-01
4.042707836629922946e-01,4.963022789473983121e-01,4.885873047634706756e-01,4.986710093807805722e-01,4.799179511732889480e-01,4.980545012305100938e-01,4.752835551645364642e-01,4.993433803181217545e-01,4.939984987775122294e-01,4.989682534173946471e-01,4.899394600848392956e-01,4.778241882706957266e-01,4.985659043385651801e-01,4.673253013881449869e-01,3.854947548886602515e-01,4.956235914147209543e-01,4.979638263122660446e-01,4.986865992753374277e-01,4.903538242228498989e-01,4.767123804855565861e-01,4.122697636502969387e-01,4.989418677419862336e-01,4.880858996743415723e-01,4.950747731753466496e-01,4.943423409826787074e-01,4.924300494467419020e-01,4.983638693720021662e-01,4.556962808264839460e-01,4.972904132344429518e-01,4.964321036876663817e-01,4.897888459215414825e-01,3.934246875056474080e-01,4.930230514984258461e-01,4.985509098034976438e-01,4.982558360333990688e-01,4.954985558820729774e-01,4.906235911375656511e-01,4.966625016858895458e-01,3.811373938745732382e-01,4.924460858732720436e-01,4.932599455723024606e-01,4.957217018050026347e-01,4.964347923001394824e-01,4.392258957939586539e-01,4.978397975137875409e-01,4.764070061555439328e-01,4.977009427226978255e-01,4.520455522842882767e-01,4.046934027339204043e-01,3.190191820961081337e-01
3.131628106615753637e-01,4.906252253806618335e-01,4.796424240986759124e-01,4.980325454472349644e-01,4.986504929926662832e-01,4.948691325918075923e-01,4.794281209811412370e-01,4.988074930754176073e-01,4.864117657069195744e-01,4.991275079272707305e-01,4.484463258848763179e-01,4.790138193255703003e-01,4.988446870667254673e-01,4.323381225269782302e-01,3.124790737819425068e-01,4.960568310728909469e-01,4.989137880882302256e-01,4.977945766681018958e-01,4.482993969010881652e-01,4.734017304564541728e-01,2.777888881247885799e-01,4.987546228475310262e-01,4.927911436474890494e-01,4.983984429617982492e-01,4.954150209314057696e-01,4.884527374153108670e-01,4.986127834068080356e-01,3.757897910561486254e-01,4.909026889848328579e-01,4.953250546378998309e-01,4.865898347157169845e-01,4.337230666510758503e-01,4.944244972614296185e-01,4.969757056093309644e-01,4.979137760769850041e-01,4.894314211051584151e-01,4.946119350693791161e-01,4.991123794894515853e-01,2.976667409759541361e-01,4.898980592411498192e-01,4.897568135773013309e-01,4.976935525207186184e-01,4.962669272220817107e-01,4.170494740523064126e-01,4.986172839618718267e-01,4.817262347918832011e-01,4.907612958046513874e-01,3.741051585465279272e-01,3.130649657741294556e-01,2.756820040733241606e-01
-3.295599430339004043e-01,4.955063474834099924e-01,4.863769148852593593e-01,4.945701955380851778e-01,4.914940918830990046e-01,4.865010310439079610e-01,4.984610932538660610e-01,4.981162649175746027e-01,4.817293356065133203e-01,4.993912077949552719e-01,4.900231537618483513e-01,4.912799571105663787e-01,4.979163624502641605e-01,4.858424984740725705e-01,-3.186263158178496147e-01,4.931784935882090881e-01,4.994674370946987629e-01,4.993550119809290200e-01,4.879860034876599695e-01,4.962860286317143932e-01,2.967516409389566179e-01,4.985585981144857182e-01,2.906281047556346087e-01,4.896680414970154827e-01,4.845978475209599123e-01,4.800599051301780440e-01,4.961481531349514751e-01,3.852484966041085923e-01,4.964539128298035009e-01,2.914932423073290924e-01,4.817636151748516671e-01,2.757998158210140938e-01,4.979403092834625011e-01,4.935000284115970137e-01,4.976187414506483275e-01,4.858513484072456978e-01,4.964756941513323585e-01,4.944203182028891197e-01,-3.236878577969060089e-01,4.899250383487156468e-01,4.978269533371458277e-01,4.919924852613394295e-01,2.948464441560597060e-01,2.568755698340455806e-01,4.980969603658229605e-01,4.927314403905894702e-01,4.961519869373250402e-01,3.808937374379671725e-01,-3.290731877610050815e-01,-3.123586296323224154e-01
4.814394439210317733e-01,4.880607642144731972e-01,3.821875418239392141e-01,4.866462276515119423e-01,4.834723527941711674e-01,3.627191047942710522e-01,4.811814303235856238e-01,4.889430842477601735e-01,-9.968116272587290716e-02,4.981993691068878349e-01,4.849618190338207402e-01,4.764744248112967040e-01,4.963747509760409460e-01,3.955934279478117710e-01,2.685177261639606905e-01,4.947973124982391058e-01,4.952915711400536769e-01,4.976606893401397946e-01,4.645185278430229436e-01,4.821343818808685455e-01,2.792237768969070277e-01,4.971718137485725553e-01,4.354639304384896881e-01,4.870838420284049897e-01,4.805514272232521145e-01,-1.062882606185331785e-01,4.341046832433009817e-01,3.737290128512490983e-01,4.832072923858863889e-01,4.402849016651659286e-01,-1.252700381129664697e-01,4.781634130758783963e-01,4.904402196604437103e-01,4.976071826360314310e-01,4.863090674320147966e-01,-1.300314788353751916e-01,4.806661155972000721e-01,4.097197261184754025e-01,4.088106294951194264e-01,4.916660122598943139e-01,4.906246062918678263e-01,4.065078710041564181e-01,4.962930785685252810e-01,3.722669021789413724e-01,4.937568564112927438e-01,3.977538199924492424e-01,4.852464367663540945e-01,3.667430597341671539e-01,4.794645468050484638e-01,4.653728293752922851e-01
3.558710234866575561e-01,3.512897840810558781e-01,3.881083462577292753e-01,4.536681235105125554e-01,3.297065572054486138e-01,2.847459370322684147e-01,3.708836919015441880e-01,4.773939455147003796e-01,4.735458598951649556e-01,4.457610313875789987e-01,4.048864327953948239e-01,3.904364742839580571e-01,4.061296293678112179e-01,3.951517826412257461e-01,4.537365635617554016e-01,4.377598656671276012e-01,4.302483864711684203e-01,4.631986180730917613e-01,4.057108230173794849e-01,3.925214327693755112e-01,4.026169212354688276e-02,4.173673287254839326e-01,3.851651378160571015e-01,4.531239343305761280e-01,3.310396999866859202e-01,4.102950011805965302e-01,4.331122552944418058e-01,1.603327213945784369e-01,4.560150824038800010e-01,3.864893892333540748e-01,2.506733596422795474e-01,3.718485761694981795e-01,4.397176532035091956e-01,4.485507711881553949e-01,4.433223951414106412e-01,4.494294059075362724e-01,3.375174410573536510e-01,4.407356067579791259e-01,1.595957310106939642e-01,4.398542334992710523e-01,3.210305871305128012e-01,3.291276312588714004e-01,3.830286712419497808e-01,2.085445548479332167e-01,2.949375328968009691e-01,3.764573800063271136e-01,4.208615941965273555e-01,1.250035317317202688e-01,4.717087528537068919e-01,2.972831293755537896e-01
4.991023951424471417e-01,4.974015299758391961e-01,4.897442881060649067e-01,4.997649721150971835e-01,4.813718124449286040e-01,4.916684103614448187e-01,4.467679640401240326e-01,4.999283569490785006e-01,4.942632184305061904e-01,4.996564217598212232e-01,4.934602966586754125e-01,4.428922979532520232e-01,4.983641923655279804e-01,4.420434130524578120e-01,4.687493524537506007e-01,4.985316303863113752e-01,4.998708223467732137e-01,4.998873257325050501e-01,4.934474325880182644e-01,4.390625179409234358e-01,4.551503358554262468e-01,4.997481267516732384e-01,4.857290696625951587e-01,4.875125743363927233e-01,4.981288088691789850e-01,4.997383152218014546e-01,4.997536557487748388e-01,4.774511632198861211e-01,4.962844957081451458e-01,4.999075219661107128e-01,4.912616396119805495e-01,4.835435023593885884e-01,4.903999465338754193e-01,4.998169124179975276e-01,4.982939729443631172e-01,4.998115695648736589e-01,4.957043074045887066e-01,4.998528328306478530e-01,4.436863569064842805e-01,4.852108080399175072e-01,4.974003185584704445e-01,4.974729384809991051e-01,4.995445149844322530e-01,4.956510744407357505e-01,4.983615152721874719e-01,4.466932656991608463e-01,4.991496322022065946e-01,4.772661578028564722e-01,4.979669688905789537e-01,4.833771703823221411e-01
4.993567960764973002e-01,4.995754418061135738e-01,4.999649675139031246e-01,4.999895535769440791e-01,4.970130009504031277e-01,4.999768938986081657e-01,4.996800604352406028e-01,4.999972157472379886e-01,4.999681060255910525e-01,4.999962464605505752e-01,4.984516846066943674e-01,4.996890657172033401e-01,4.999643669103433496e-01,4.981336569134237613e-01,4.961418179820609176e-01,4.999785991958785036e-01,4.999974189145968695e-01,4.999918908175624566e-01,4.984293720864322874e-01,4.979519720335006117e-01,4.996323950857303187e-01,4.999932201832550938e-01,4.986546549740388801e-01,4.997503902276386190e-01,4.999581700974358167e-01,4.999721419626478314e-01,4.999927209461760280e-01,4.999590801803366347e-01,4.996004612969170422e-01,4.999069434070786966e-01,4.989099664210270291e-01,4.886257983425643658e-01,4.989785793263772917e-01,4.999853694594009190e-01,4.999936873131284321e-01,4.999741950138499869e-01,4.988993579446134308e-01,4.999455629835575232e-01,4.989985704305987535e-01,4.994337740616009436e-01,4.996044460354124861e-01,4.985506826511231782e-01,4.999061092429464281e-01,4.991894006114044879e-01,4.985613815582934372e-01,4.996645657856106371e-01,4.996361986715723291e-01,4.999521147165887913e-01,4.993617757035951898e-01,4.893671466268346704e-01
4.999053504861767916e-01,4.999770619503450253e-01,4.999998044165331335e-01,4.999998973653930201e-01,4.999975453497490507e-01,4.999995116508214599e-01,4.999987634198420072e-01,4.999999573680557474e-01,4.999991581094446191e-01,4.999999503929424272e-01,4.999938627308160299e-01,4.999985051510643652e-01,4.999999732921751594e-01,4.999745396208683523e-01,4.998910174579085930e-01,4.999996641731845881e-01,4.999999641962785124e-01,4.999999053279055028e-01,4.999684587618507536e-01,4.999956214022235890e-01,4.999769134124535386e-01,4.999999079260496471e-01,4.999959539281157439e-01,4.999995653929251715e-01,4.999995385543925530e-01,4.999992271628442841e-01,4.999999250367886394e-01,4.999901909183583348e-01,4.999733397948967206e-01,4.999960473692540153e-01,4.999967497706805930e-01,4.996473403912546907e-01,4.999991092203384668e-01,4.999996518559229330e-01,4.999999484172178432e-01,4.999993798334522732e-01,4.999991913202475602e-01,4.999994871539939489e-01,4.998997068578150960e-01,4.999956918412391538e-01,4.999755772696548028e-01,4.999978118667199323e-01,4.999995361687135653e-01,4.975845854234270949e-01,4.999997240100585993e-01,4.999986954288700436e-01,4.999738277203978898e-01,4.999897409914350610e-01,4.999056237452594864e-01,4.995444605492301848e-01
2.711663337970367516e-01,4.998862908747367384e-01,4.997070511231746504e-01,4.999842201398721486e-01,4.997007222523672798e-01,4.982462630800087999e-01,4.999726129075699466e-01,4.999793919802948960e-01,4.995709292224843057e-01,4.999923811068585633e-01,4.990418088925272500e-01,4.984033530232435671e-01,4.999910250017907676e-01,4.980606026021214827e-01,2.703283195486634316e-01,4.984391277447428603e-01,4.999745387823300025e-01,4.999370731756589969e-01,4.990307043784528163e-01,4.999560897048123120e-01,4.197295129112764145e-01,4.999920903490474577e-01,4.980018027888777343e-01,4.984291909482663208e-01,4.968457043566756881e-01,4.987737465940182413e-01,4.999239196521001460e-01,4.580809251940493043e-01,4.992047173115429226e-01,4.980135471997870211e-01,4.997224320938948861e-01,4.117380426647915814e-01,4.999144525934502981e-01,4.983825681972955945e-01,4.999646853554394754e-01,4.997738868123974276e-01,4.999720994847091649e-01,4.990100266441709898e-01,2.711012396829551307e-01,4.984085562717707751e-01,4.998736123711466917e-01,4.990083815670535161e-01,4.981195260697390270e-01,4.908528304235046380e-01,4.999906450354094090e-01,4.989897037276604386e-01,4.998812206597810781e-01,4.565136569417320711e-01,2.711575621495203592e-01,2.248325084891117653e-01
3.089369944972902848e-01,4.988328577240399575e-01,3.410079232802168403e-01,4.992582857945113695e-01,4.927045288062933404e-01,3.266686121607681459e-01,4.998943219927917125e-01,4.996855822483000642e-01,-1.107481443541396410e-01,4.996898215210510696e-01,4.905129811010515151e-01,4.971967852181997105e-01,4.995756306044384920e-01,2.634775702883185855e-01,1.116045151497001287e-01,4.975123380410615415e-01,4.992574121401942566e-01,4.997139126646901741e-01,4.688439090351589900e-01,4.991515540876315660e-01,1.271342601545490808e-02,4.996482635271140005e-01,4.815496009808862832e-01,4.974755423371352014e-01,4.929252823193831512e-01,-8.585558244709938502e-02,4.810640203255290848e-01,7.901995698032848736e-02,4.985066869829288261e-01,4.817858055453741462e-01,-1.606279532006469890e-01,4.539804869370281937e-01,4.990285367896929447e-01,4.974038768206236472e-01,4.988927982100496705e-01,-1.608063528394922670e-01,4.926973977478426581e-01,2.675509790339395955e-01,3.115934845687745591e-01,4.964486238115881078e-01,4.992711248128641754e-01,2.675671981274749256e-01,4.809904589347228088e-01,2.528607894712027182e-01,4.998197622381727601e-01,2.676154115554262303e-01,4.992559153231642122e-01,7.879230626984197461e-02,3.124812083692545817e-01,2.979933069276768931e-01
3.203061817752557161e-01,2.963218504135995968e-01,-3.301672671629208855e-01,3.563316797952191251e-01,2.707894499733813909e-01,3.947053518383905613e-01,4.441527229174767610e-01,4.359746191117185310e-01,4.371727380280204245e-01,4.167528694218979868e-01,3.995617048938058802e-01,4.238535217427279456e-01,3.837072301274025987e-01,4.051613503895405977e-01,3.467917829634552529e-01,4.229229368103175069e-01,3.582618111102464087e-01,4.032511548800814527e-01,3.594494764319095537e-01,4.180582487647854784e-01,1.799671579710501179e-01,3.748657942077434080e-01,3.191443919034407384e-01,3.946228667491220032e-01,1.189022869658354631e-01,2.597670685831277582e-01,3.871861815576587706e-01,3.478727740333503182e-01,3.939654332052590080e-01,3.321343025119064540e-01,3.347615449514308450e-01,3.277926640360762089e-01,3.582467057780094333e-01,4.090464947052553923e-01,3.672891293580305971e-01,4.097555521730401051e-01,2.418093087762319127e-01,3.624900069065166708e-01,1.040794539415263731e-01,4.011094166264119742e-01,1.075544839493515203e-01,3.174000854685132822e-01,3.820197910832414112e-01,3.452461138720367417e-01,3.007607365685643908e-01,3.984724294881927809e-01,4.062520893733200800e-01,1.315300976296073510e-01,3.833122621083031589e-01,2.834825132225551880e-01
4.783011887553809127e-01,4.774084533987539847e-01,4.971025442502405856e-01,4.924338195661952522e-01,4.934600269327330535e-01,4.940544410344008264e-01,-2.696352757950080115e-01,4.981673545805150316e-01,3.823314383903947400e-01,4.964669033075746474e-01,4.837990430730760849e-01,-2.235055880126643746e-01,4.959874816810633247e-01,-2.719804235105201529e-01,2.153007762838266836e-01,4.696333870043967185e-01,4.973393584141562740e-01,4.980092823781240297e-01,4.805230031350708475e-01,-2.835310517965636823e-01,3.035059288733330529e-01,4.980243300547898544e-01,2.201759914732324963e-01,2.222918287404540838e-01,4.877541645858209929e-01,4.873760897817634441e-01,4.940000936241752405e-01,3.907805396793958552e-01,4.804708938212694513e-01,4.892440966063867913e-01,4.644374460494941070e-01,3.601477866885173795e-01,4.950947337898199407e-01,4.982511237144552907e-01,4.816163403167626478e-01,4.882280249102333158e-01,4.757923647087206054e-01,4.972758408832022581e-01,-2.520064969460922844e-01,2.214285501551541968e-01,4.900529150372361364e-01,4.727429909947893361e-01,4.941245141548236131e-01,4.804045213822908944e-01,4.781889824761798580e-01,-2.845119680713045218e-01,4.957713302912059028e-01,3.875890365009153071e-01,4.646209870478038018e-01,4.043446854946815550e-01
4.941170145870209529e-01,4.953480252744575929e-01,4.847618887058871007e-01,4.979218765680705761e-01,2.292467032559087070e-01,4.958236496537365978e-01,4.984104936039526201e-01,4.988239563359998519e-01,4.919988268554431055e-01,4.989290754887965029e-01,4.765738554699980312e-01,4.983975050003309759e-01,4.975403416611696161e-01,4.778753539887888313e-01,2.240963292110347838e-01,4.983183982158835845e-01,4.980697667049734934e-01,4.988176884650402099e-01,4.771157238729929473e-01,4.913659973557014671e-01,4.875918872246783331e-01,4.986067254955938166e-01,4.733702198480972401e-01,4.927140791953969479e-01,4.932741728019253702e-01,4.928183013021681380e-01,4.983790769869991255e-01,4.962497434562100906e-01,4.958017195351526740e-01,4.951350127004530699e-01,4.704349293210731142e-01,4.486060799484572481e-01,4.815736969239209908e-01,4.988350517503629677e-01,4.971424045162810557e-01,4.946587905165707455e-01,4.787731285676881110e-01,4.976130586047494142e-01,4.812916871658312612e-01,4.876427961961941615e-01,4.925099552074284626e-01,4.942376630996392350e-01,4.968225267213394747e-01,4.870037060026710662e-01,4.954835907457449395e-01,4.976947795574695466e-01,4.975218672613922477e-01,4.920837984632181472e-01,4.939857316459168590e-01,4.457895208580194280e-01
3.225177964854288870e-01,4.963295652104359745e-01,4.803075785020666233e-01,4.990889348669180214e-01,4.886705251285898832e-01,4.960146645920754382e-01,4.811622549647378566e-01,4.995033469022143180e-01,4.951478396409171312e-01,4.993346692419362576e-01,4.573056786481762281e-01,4.809188281000864595e-01,4.984044503973764639e-01,4.388989660125759973e-01,3.114598933290478322e-01,4.981692299419591685e-01,4.988015492861644362e-01,4.990379438846603843e-01,4.579779618479200010e-01,4.736155235646865580e-01,1.839024080583299414e-01,4.988738346379871791e-01,4.904316566652218712e-01,4.971728633430649857e-01,4.966604349833178000e-01,4.928440735298886266e-01,4.982751244991804329e-01,3.058406606671569272e-01,4.968932060880336121e-01,4.936621231420449396e-01,4.871908898191700255e-01,4.215349428350551042e-01,4.974540680126185443e-01,4.983642092034525906e-01,4.990928977771262320e-01,4.973306566340444101e-01,4.971998779344512509e-01,4.958845534165740032e-01,3.042632376916398207e-01,4.879767683055744043e-01,4.954905342988195072e-01,4.954781611819089604e-01,4.938244067131716819e-01,4.764227954686610644e-01,4.992326136470713327e-01,4.781551066537322314e-01,4.973744786451705369e-01,3.048465033040733685e-01,3.229414080876895077e-01,2.754733055536195963e-01
4.670651687972370292e-01,4.946878204189476547e-01,4.922377120732287503e-01,4.962246551565838160e-01,4.965600656533296076e-01,4.929293246683185692e-01,4.894692554206294677e-01,4.995772427479068245e-01,4.967759755669277633e-01,4.992130274214601204e-01,4.955890977642040118e-01,4.863283320371473706e-01,4.988130938199638598e-01,4.768416225255334151e-01,4.541899768758520528e-01,4.918459665303002160e-01,4.992082381866421725e-01,4.992179470973553412e-01,4.939744792113564542e-01,4.917563096695743985e-01,3.702115361113044179e-01,4.990658297412594591e-01,4.968281105617682880e-01,4.933219694553713786e-01,4.886063396464979669e-01,4.868754476351360161e-01,4.957556671459933395e-01,4.301902888670714464e-01,4.972593984927006772e-01,4.974204635852200185e-01,4.866006585472826829e-01,3.068595993580299774e-01,4.975214102079482670e-01,4.949986063711634410e-01,4.989984149301439631e-01,4.989584436974852655e-01,4.951151031092774213e-01,4.878340640856424493e-01,4.453158044074395638e-01,4.940117318651695566e-01,4.970135208668879923e-01,4.850918722711415332e-01,4.981794985846889068e-01,4.696574230721021204e-01,4.973373165950018548e-01,4.809918213308057022e-01,4.966857812708638242e-01,4.259482188013263837e-01,4.670361758133388941e-01,2.889944790244539097e-01
4.895501127852183720e-01,4.904311519316963963e-01,3.484167106954604298e-01,4.878555807240450570e-01,4.850680070281419010e-01,3.330804383338780150e-01,4.966690411018548912e-01,4.928431802463747458e-01,-5.259765266102425785e-02,4.986094394610060543e-01,4.918417674942890949e-01,4.965734746202327687e-01,4.971794851808481464e-01,2.388223360005753138e-01,1.650032366739326295e-01,4.960734758946060419e-01,4.977483106540651070e-01,4.980732316983116914e-01,4.695584537876280051e-01,4.967020955913114544e-01,3.732412976482206712e-01,4.974563650168110640e-01,4.332456204200714756e-01,4.908786164759466608e-01,4.869372385831772787e-01,-3.593076790051586561e-02,4.886687278725597716e-01,4.323838496613082172e-01,4.893957826552594592e-01,4.367972517247293851e-01,-6.543234553390198105e-02,4.224896850323361930e-01,4.911374128489809365e-01,4.984126423997756739e-01,4.905043107732008911e-01,-7.502842715323207456e-02,4.825004639410689911e-01,2.404950647373577388e-01,4.168976183088068943e-01,4.942524469763877604e-01,4.907644252699654985e-01,2.387139437404623143e-01,4.511421008448108227e-01,2.014555305269200292e-01,4.954389838106804111e-01,2.403687895027506460e-01,4.875462948621946957e-01,4.280184912617644999e-01,4.922529237238286726e-01,4.659610241674764786e-01
3.668417803372784336e-01,2.259595219711191538e-01,-2.038336088669934210e-01,2.395527193226999196e-01,3.510294165897098750e-01,4.106283007810356267e-01,4.595985440449867343e-01,4.606032727743458732e-01,4.228347722110911699e-01,4.544613114024537159e-01,4.419836624485156684e-01,3.994002866563103882e-01,4.212699089839954669e-01,4.355301165133904640e-01,3.471573813708263567e-01,4.252657693028820685e-01,4.248588341375246769e-01,4.188709209791955934e-01,2.341709512271540616e-01,4.169853025403666980e-01,2.922860951853025746e-01,4.255689505941891992e-01,3.755581478018656383e-01,2.492844587214419760e-01,1.939498302917477268e-01,3.422865695513465645e-01,2.558121231529890127e-01,3.321769709969243922e-01,4.119759960606989013e-01,3.762377574795943147e-01,4.316369878893255296e-01,4.124340291888483612e-01,3.940667291067134759e-01,4.458085298087486326e-01,4.393302609019701932e-01,4.383900415837379549e-01,2.910289863262110477e-01,4.310453119815815803e-01,3.153485915723725497e-01,4.240005395472506988e-01,2.758245286143290453e-01,4.164569487467837394e-01,4.188637088679844633e-01,2.506058465902738508e-01,4.530031613553520686e-01,4.480309409459693470e-01,4.484552419418883495e-01,3.090653870835632366e-01,4.198641816682219807e-01,3.993361300634742928e-01
4.949593166761697693e-01,4.559316737448718682e-01,4.928211101113258996e-01,4.987448184712525712e-01,4.994389866269404177e-01,4.950255618739081154e-01,2.301489340581961418e-01,4.996684966830584052e-01,3.718108859561451429e-01,4.986754688244623979e-01,4.963154591410932071e-01,1.884605861336562382e-01,4.111674760496113468e-01,2.424879390130738610e-01,4.953909026906558322e-01,4.535815908352269776e-01,4.995690647762475733e-01,4.998293007552809808e-01,4.962921353729957685e-01,2.086451087908926527e-01,1.838979041351729016e-01,4.988127311781571649e-01,4.972437987560217598e-01,4.997611423156209098e-01,4.108103402491289913e-01,4.993655752192413533e-01,4.963320228675285328e-01,3.037183464578434022e-01,3.788911869285331857e-01,4.994898249458807893e-01,3.773795052367512337e-01,4.021304704775693906e-01,4.974668532309133306e-01,4.989774432008945992e-01,4.609705206661828814e-01,4.975030950384156658e-01,3.936735888001469119e-01,4.997186338615094425e-01,2.279336963032974062e-01,4.091842522923873626e-01,4.098610367380728925e-01,4.574072577756108648e-01,4.988431680413921709e-01,4.975585991702530242e-01,4.586824677558256069e-01,2.083279582542189035e-01,4.983382141083706474e-01,3.034972906779707102e-01,4.571776349684679719e-01,3.054547396896615807e-01
4.951850476161528958e-01,4.954969073148044467e-01,4.999078963327540093e-01,4.999860912776253885e-01,4.789664169765513457e-01,4.999586942096519993e-01,4.982904008608110558e-01,4.999968769836159455e-01,4.996277276237445775e-01,4.999610157426464530e-01,4.996539042573632239e-01,4.982754837719312047e-01,4.999288313655987914e-01,4.981459595564089460e-01,4.735145476418404775e-01,4.996529456254461543e-01,4.999895166389274892e-01,4.999944249154490428e-01,4.996379792684043641e-01,4.983152884280519501e-01,4.894070380279861854e-01,4.999900623562409940e-01,4.295271254007836381e-01,4.990715467627703239e-01,4.999255019688086388e-01,4.999644656699082090e-01,4.999758769171144257e-01,4.947808018728534485e-01,4.991026408283780191e-01,4.999748417059367012e-01,4.283705302808509252e-01,4.994939858076197781e-01,4.302834850542383571e-01,4.999881058028691205e-01,4.998978752087239186e-01,4.999663950802786250e-01,4.269315100158391219e-01,4.963208529173620542e-01,4.934622378432422241e-01,4.989742652674267198e-01,4.991968584869284076e-01,4.995415530759180767e-01,4.999834771778054465e-01,4.990706001313698903e-01,4.996439746252243075e-01,4.985550472321866877e-01,4.992655609203907607e-01,4.947094586486782686e-01,4.950945546973925526e-01,4.946906552001670843e-01
4.992289765360040654e-01,4.902086306938303606e-01,4.999990068030650270e-01,4.999986283555938882e-01,4.998101235659691555e-01,4.999971999736429473e-01,4.999887950954756133e-01,4.999998250745008033e-01,4.999991932866525990e-01,4.999997970283636128e-01,4.979859460408006533e-01,4.999874706999920537e-01,4.999990281733556197e-01,4.979657263235565678e-01,4.990049238147951094e-01,4.999982270428777187e-01,4.999999032895697249e-01,4.982295140642916675e-01,4.979841778482133052e-01,4.996927169725541851e-01,4.996497950760921403e-01,4.999998396057328542e-01,4.999908616585110321e-01,4.999695819982323264e-01,4.999961068872677550e-01,4.999910258837098609e-01,4.999991949925917112e-01,4.999942335977484720e-01,4.901886351311364742e-01,4.999944996738233116e-01,4.999905504153213665e-01,4.981948375955947417e-01,4.981965769964503132e-01,4.982265416828378646e-01,4.999995612604168360e-01,4.999998269881735236e-01,4.999960775466537610e-01,4.999905434581978780e-01,4.991582209387878111e-01,4.996994026321206483e-01,4.902081247636140837e-01,4.999233568932758831e-01,4.999955875401225769e-01,4.680756661354094628e-01,4.999930889804483081e-01,4.999794083832026503e-01,4.902083372338112421e-01,4.999896206792716069e-01,4.992091791050074501e-01,4.991937102170376783e-01
4.175989178423767934e-01,4.999895691185474167e-01,4.999595903397965335e-01,4.999823129087476725e-01,4.999643184322037359e-01,4.991632197341630550e-01,4.999033018343942980e-01,4.999730059457828668e-01,4.997138895752092913e-01,4.999981976426704500e-01,4.892063157329884504e-01,4.990817367664129311e-01,4.999964654660292718e-01,4.885799375714774406e-01,4.170546580412081705e-01,4.991812757859937499e-01,4.999944025392520919e-01,4.999534670160462602e-01,4.892115030149338240e-01,4.983555902308237640e-01,4.983549738702869325e-01,4.999948651933263655e-01,4.998835043254938881e-01,4.991565992940730223e-01,4.983573750610914566e-01,4.991567434099277722e-01,4.999876632452885938e-01,4.999838581924670455e-01,4.999513975472021365e-01,4.999123874970631265e-01,4.991968418651838713e-01,4.980377186633612174e-01,4.998624678458680193e-01,4.991361931231815263e-01,4.999700066714083402e-01,4.997250311227998676e-01,4.999537890955438324e-01,4.994348495235261809e-01,4.167972960447807185e-01,4.976566000494296871e-01,4.999882418002777329e-01,4.994040700799921018e-01,4.999818063489018805e-01,4.972620412103333498e-01,4.999727915173537984e-01,4.993427210261957017e-01,4.999637537099014817e-01,4.982586123812063894e-01,4.175705258060815050e-01,4.164532462887581832e-01
2.964382434271911615e-01,4.997489806564769932e-01,3.911367405798544805e-01,4.999078300100223693e-01,4.955542576026862323e-01,3.839390056462673173e-01,4.999331557389705694e-01,4.978174194218006887e-01,1.755979284174712107e-01,4.998955350073444603e-01,4.858399349553860769e-01,4.975784563354205825e-01,4.998804073019490479e-01,1.153743509601208445e-01,5.591283708638133954e-02,4.981414206644317888e-01,4.996352973693306554e-01,4.998404880754701574e-01,4.774748741212330172e-01,4.977973244196146063e-01,4.937763800440418960e-01,4.999039201292489465e-01,4.901681379949664463e-01,4.981199009027398317e-01,4.962174109953362278e-01,5.304140793434003465e-02,4.996912429992987903e-01,4.980515923799537226e-01,4.976980981098045875e-01,4.902884245667916696e-01,7.905915122232544390e-02,4.701502045334593483e-01,4.995324981023235855e-01,4.980402305432583554e-01,4.977244230284515458e-01,2.236131265315395855e-01,4.963099269108121048e-01,1.188728800344645287e-01,1.038144212343471429e-01,4.958267269702981150e-01,4.997424613360213486e-01,1.184896634812340338e-01,4.989690746445938907e-01,4.914474127371840084e-02,4.999095225318763158e-01,1.184794635423388059e-01,4.977369719944760296e-01,4.955301529576905950e-01,2.982991802556507199e-01,2.823372556546230872e-01
4.245160059718395273e-01,3.005996017883905691e-01,4.808754028242476775e-01,2.880151526392121797e-01,4.163292186742489354e-01,4.114999910108627090e-01,4.904223256587856850e-01,4.904092334777646056e-01,3.663510973133138338e-01,4.736153691221541839e-01,4.449221423210621418e-01,4.629682698571445654e-01,4.574085654743321738e-01,4.873088155021965684e-01,4.362010408967569863e-01,4.640085136588094628e-01,4.211333552341658959e-01,4.589529339186196322e-01,2.855966759629882668e-01,4.675376079945804952e-01,3.007537327879646755e-02,4.887087857160941073e-01,6.616971932811091528e-02,2.897446910421481170e-01,2.852637525992059442e-01,4.392245495086611884e-01,2.910951864567854486e-01,-1.083662739731092728e-01,4.719489018830018146e-01,6.505513246528546456e-02,4.648739400884399631e-01,5.941810585241710796e-02,3.813963028445326309e-01,4.836783836268711556e-01,4.663720601479500183e-01,4.719301358568471771e-01,3.748487587671434085e-01,4.683889530707481264e-01,4.081416092636040993e-01,4.160462686581857805e-01,4.422784419699035130e-01,4.554617655513559238e-01,6.905048966465807125e-02,4.234189383388875516e-02,4.777108188339314054e-01,4.957625116653518460e-01,4.825727719377774227e-01,-1.183229231976344192e-01,4.718860825323609176e-01,3.905681503607082439e-01
4.394609110999514456e-01,4.858184350512740335e-01,4.960182747873061460e-01,4.822197475929618782e-01,4.900291299058998629e-01,4.881731714570221037e-01,1.424530035560646613e-01,4.981996431778290546e-01,4.907808242787276565e-01,4.604960843493361433e-01,3.761245909350821037e-01,4.345727427029096868e-01,4.858158366341150947e-01,2.409413562878630899e-01,4.526478053870514051e-01,1.611485851334136798e-01,4.960387697303876298e-01,4.968650029186650885e-01,3.721807631424616236e-01,4.290255192527729355e-01,4.868217338131760608e-01,4.928383698846069416e-01,4.882062301302682594e-01,4.914986467704201556e-01,4.687351568044366146e-01,4.904278818649268068e-01,4.900611909065549221e-01,4.957587357698446384e-01,4.878902620575751858e-01,4.876352185589138410e-01,4.770368957240299079e-01,4.478065501717125585e-01,4.937407519238901643e-01,4.935245510965212135e-01,4.804861453930160398e-01,4.768326069360397379e-01,2.931590951285811819e-01,4.944609604702098760e-01,1.305585685770019044e-01,4.680226594884220326e-01,4.765439457124622247e-01,3.790164750550421013e-01,4.734404862263847380e-01,4.790662552961346687e-01,4.744831977493401687e-01,4.285159843307675409e-01,4.946288110604410426e-01,4.876063290614628398e-01,4.531986896268191956e-01,1.353580913844137368e-01
4.043098168530293024e-01,4.937170715414925803e-01,4.818228844357190788e-01,4.960804024952403246e-01,4.982864191554026712e-01,4.951531568883988377e-01,4.411871698223318039e-01,4.989460568495261983e-01,4.920255728646356630e-01,4.989853368481512730e-01,4.900050182419878331e-01,4.411704466898134780e-01,4.984725219527790796e-01,4.348643106764093491e-01,3.987351366007312881e-01,4.929797140857726245e-01,4.983719613536896631e-01,4.990340628994939243e-01,4.898848599799265346e-01,4.451380423266665942e-01,4.942964317671909025e-01,4.978681317176454346e-01,4.669332072553060153e-01,4.941606059938227768e-01,4.939905345943378934e-01,4.943472337911515302e-01,4.973081557080175630e-01,4.984691245148374916e-01,4.973991690109720309e-01,4.923844785186652362e-01,4.707531342891556614e-01,4.549802820141524706e-01,4.755636516324329155e-01,4.987353458333244616e-01,4.969823262722501966e-01,4.987605833413210621e-01,4.720425852901541375e-01,4.946465467765180368e-01,3.528644067209759094e-01,4.928495106564618200e-01,4.944132828625690257e-01,4.942737281805696381e-01,4.918036566377883001e-01,4.843758849956892321e-01,4.976766658416063027e-01,4.443046858467157301e-01,4.975531482385963655e-01,4.948629262562784792e-01,4.034001042273679394e-01,3.746827234948085783e-01
4.917702141435939533e-01,4.731562145443981016e-01,4.818017533739168967e-01,4.993198418565101271e-01,4.973098182994725169e-01,4.980988234319692620e-01,4.963190427800700522e-01,4.988139940012314422e-01,4.951448251033064296e-01,4.989942602062092392e-01,4.967994885078093614e-01,4.982973988068986615e-01,4.983484634258446566e-01,4.916297910672484672e-01,4.811332450872872757e-01,4.965540891900623865e-01,4.988465003380362361e-01,4.925406219510742867e-01,4.977691339680129778e-01,4.963171950227990847e-01,2.552973857255690926e-01,4.990816332331723948e-01,4.923678757575551401e-01,4.954637666043206212e-01,4.982620578352309204e-01,4.903142791745812579e-01,4.994010212349224709e-01,3.572251921524629004e-01,4.725098193007165048e-01,4.966320345182497209e-01,4.931688909256650155e-01,4.385904078463557232e-01,4.916939638442550664e-01,4.921829828850625144e-01,4.983076317940372535e-01,4.961616135645875447e-01,4.965912396091912151e-01,4.943687792158621419e-01,4.855403739044464873e-01,4.939024132042984516e-01,4.727930832113919069e-01,4.899478334552503367e-01,4.985572084145082350e-01,3.791264660169090805e-01,4.962318833674473351e-01,4.934310641278086829e-01,4.732900107191352901e-01,3.566262005388973200e-01,4.914726517782392889e-01,4.368816393934255582e-01
-1.662887721932514717e-01,4.941519703398390417e-01,4.942902149396005140e-01,4.979872203521934493e-01,4.937386593635069154e-01,4.954688184722539912e-01,4.827721038396906028e-01,4.988112042690554526e-01,4.854617922481100356e-01,4.992452540887554746e-01,4.972066155751460048e-01,4.797525920223900120e-01,4.984086262138256451e-01,4.772573298334039649e-01,-1.628548682882618448e-01,4.968264925683832933e-01,4.987725545686496065e-01,4.990596108938337161e-01,4.962779435378866233e-01,4.816983225670785629e-01,2.814027861910721184e-01,4.994991371339438935e-01,4.857580881094268332e-01,4.950331905326578741e-01,4.920446229134063376e-01,4.816082044899784309e-01,4.976466470212435600e-01,-3.762077652547275441e-01,4.944253445543361214e-01,4.881199012776633595e-01,4.841916221135587617e-01,4.154111535709336667e-01,4.968082173971176130e-01,4.968811720984958047e-01,4.982858769863268145e-01,4.868754365236511172e-01,4.945291522694731379e-01,4.943542978414533495e-01,-1.589855006863345188e-01,4.947025569558497482e-01,4.942582875700056722e-01,4.921926714946418535e-01,4.926897659526713880e-01,4.651088821543711282e-01,4.976174784724271549e-01,4.773193906078909698e-01,4.951649743101232959e-01,-3.709872499788469669e-01,-1.664632914514757589e-01,-1.399070704999425818e-01
4.900142193689633885e-01,4.905994617815744308e-01,4.119222347517252358e-01,4.916037496656954775e-01,4.905837793363298505e-01,4.068806889892131462e-01,4.817606463266533301e-01,4.987888911909850176e-01,2.823045128224880296e-01,4.991350076550012949e-01,4.954052966662665924e-01,4.803542125950442387e-01,4.980928306267129457e-01,1.316909278953498630e-01,1.115258143090444298e-01,4.968248336723541381e-01,4.979744762216948839e-01,4.983450329297030024e-01,4.874130763825365587e-01,4.828760942388682920e-01,4.949168107856804499e-01,4.980046520406150035e-01,4.890201839155269847e-01,4.947248782942642586e-01,4.886174251276509395e-01,9.301021384358032495e-02,4.894128011969748338e-01,4.972362166171776510e-01,4.954464173015427630e-01,4.902224312480922275e-01,3.391573735089290498e-01,4.051032940407109373e-01,4.943572426521143370e-01,4.986603799557976502e-01,4.965810724269868470e-01,3.411111896377606034e-01,4.900664204360199450e-01,1.367547299135631056e-01,4.609733405008000773e-01,4.981743864112832543e-01,4.911048672447200780e-01,1.359696503580464233e-01,4.971666213911206111e-01,1.357155631369520998e-01,4.972465798169841689e-01,1.321736220457606636e-01,4.943296401560006159e-01,4.935928668225124660e-01,4.919787999380820231e-01,4.029509081277779514e-01
4.580403103794088437e-01,4.589059927153782970e-01,3.248776200281167648e-01,3.954812323382478345e-01,4.732193065755639361e-01,3.964580745421176222e-01,4.863098628607820939e-01,4.919135106600163176e-01,4.098723239672950602e-01,4.742043924856702009e-01,4.351140697530130330e-01,4.940639624243076677e-01,4.608893607121312685e-01,4.731610564439617805e-01,4.779430286588768340e-01,4.859346001515035818e-01,4.196989565470666261e-01,4.858436018349374108e-01,4.475440009645932360e-01,4.839701971847132356e-01,3.507052141906562004e-01,4.742644496534647036e-01,4.509732465863697803e-01,4.564361451991565399e-01,4.224598981314316437e-01,4.745922006050640740e-01,4.268634467312502623e-01,4.135616846079491205e-01,4.869416784451763847e-01,4.669295203721477994e-01,4.858604244035693576e-01,2.291318157480251305e-01,3.780085252491231507e-01,4.904325113370681666e-01,4.707461729312727994e-01,4.936877581147130489e-01,4.666737052810152608e-01,4.776017032854276700e-01,2.985183366790064019e-01,4.167207681874724456e-01,4.595098569031216273e-01,4.892017717655990916e-01,4.490647988793148304e-01,3.982858382820758658e-01,4.892311546371725384e-01,4.939946006410182999e-01,4.408979698952660842e-01,4.081887824675751730e-01,4.345532232717608800e-01,3.249187425842764432e-01
4.632073266579374016e-01,4.719480167453088404e-01,4.787098592199197089e-01,4.645824343126416789e-01,4.929751839811681857e-01,4.957805861464421593e-01,4.158671106262393780e-01,4.937258160155120756e-01,4.983954134880654863e-01,4.814881154338861990e-01,4.526588761764607782e-01,4.339444803976372778e-01,4.881392956165720443e-01,4.028389998003081840e-01,4.783378922710991299e-01,4.647296425951070176e-01,4.940956168581899233e-01,4.996360192813611434e-01,4.499687276135638792e-01,4.389829683004364269e-01,4.794377009333968265e-01,4.775395364356730954e-01,4.893715641830252983e-01,4.927519349606422905e-01,4.743049391859739394e-01,4.981088694183478660e-01,4.927648113541655550e-01,4.927468753424425474e-01,4.911811120516351159e-01,4.956619411124376651e-01,4.840495282042368008e-01,-5.859701661218783691e-02,4.970605088007037931e-01,4.754382169243456246e-01,4.789469289887657300e-01,4.958063887614532761e-01,4.739174280500967340e-01,4.993504351229728355e-01,4.200583765022246618e-01,4.716382443025469717e-01,4.755668760915185422e-01,4.142923408440497557e-01,4.749576468978294885e-01,4.949524221470025798e-01,4.947694976900207098e-01,4.404313416532884551e-01,4.963494587737329877e-01,4.984737167376405709e-01,4.687080750985239685e-01,-5.707009497620865734e-02
4.735372440972764885e-01,4.981757421139327291e-01,4.940654620381373374e-01,4.999174798401682107e-01,4.974880204953729401e-01,4.941534149742032311e-01,4.444005387091249926e-01,4.999858504676238935e-01,4.968320236248262578e-01,4.999617140073743249e-01,4.837397726888485461e-01,4.418462279493712841e-01,4.996718990871037991e-01,4.301352915173187741e-01,4.705831961132195262e-01,4.997030282136885049e-01,4.999714710292199049e-01,4.999229117761418428e-01,4.837218228156129340e-01,4.366126516442748184e-01,3.798314789559175675e-01,4.999524390928563600e-01,4.930155681274123736e-01,4.993412596634020373e-01,4.995991848055431617e-01,4.998438588786567882e-01,4.999610123777648019e-01,4.376906130253699345e-01,4.982620003123707786e-01,4.992225793360629549e-01,4.931463894283237837e-01,4.629660491031386549e-01,4.885680728978648579e-01,4.998662944750825177e-01,4.997042134649428702e-01,4.999080281501322442e-01,4.936026410193386504e-01,4.995492385425362447e-01,4.203831776036239254e-01,4.962233996709178308e-01,4.984508475383871984e-01,4.993467052063056966e-01,4.991954150758650677e-01,4.981484180750985757e-01,4.995139400784527894e-01,4.442737256535813084e-01,4.987947627597132394e-01,4.373343022814379366e-01,4.733936524678389324e-01,4.409776422760403602e-01
4.992441318329253752e-01,4.997986400564978782e-01,4.999932192701674327e-01,4.999982458454558243e-01,4.214004100567871891e-01,4.999858589530955522e-01,4.999234917867790839e-01,4.999983386209427283e-01,4.999255235996417079e-01,4.999988013190818092e-01,2.916700629068915140e-01,4.999207186943140369e-01,4.999982387040703968e-01,2.916256713344306251e-01,4.206362527098601589e-01,4.999740523362011246e-01,4.999993846570872091e-01,4.996518267619272091e-01,2.917000139608562082e-01,4.508150071670120052e-01,4.298331020073549724e-01,4.999948629313476500e-01,4.998976777184183651e-01,4.999249378083046036e-01,4.999931436018280606e-01,4.999160735875058936e-01,4.999981960369062062e-01,4.879335830251211870e-01,4.997792700706439883e-01,4.999866649801637530e-01,4.995019782045818646e-01,4.984645483697074941e-01,4.996266644295093706e-01,4.996309726927666839e-01,4.999915345138820633e-01,4.999513738570005583e-01,4.999702375292869871e-01,4.999628761935192012e-01,4.988021671573135141e-01,4.512373412651146665e-01,4.998034557557543556e-01,4.994312175919069507e-01,4.999913087159063019e-01,4.943836440514495778e-01,4.995018041966569622e-01,4.999099553380101923e-01,4.998051214536212705e-01,4.879528861977257548e-01,4.992328437368427907e-01,4.985101873676794915e-01
-2.063010530339566273e-01,4.999913663639539152e-01,4.999517274014751433e-01,4.999913275984550487e-01,4.993715395206551055e-01,4.997020569675662549e-01,4.999609160004870878e-01,4.999995989775758987e-01,4.997584445325150004e-01,4.999992575678419704e-01,4.966751253516640818e-01,4.997160003473268275e-01,4.999971496641565372e-01,4.966104810473765951e-01,-2.058631143863569601e-01,4.997505742835318121e-01,4.999993327305259361e-01,4.999816354093576942e-01,4.966730414917373548e-01,4.993191198124619645e-01,4.973596423365649333e-01,4.999933779281484081e-01,4.999130943291065221e-01,4.997393494271683001e-01,4.995020174508514876e-01,4.997671112044247410e-01,4.999886218439377195e-01,4.990045626823969016e-01,4.999837392845076778e-01,4.999881603542695174e-01,4.514616916681312708e-01,4.994616076405473670e-01,4.999093667892977599e-01,4.997272071708935837e-01,4.999972639807489516e-01,4.998001813030544249e-01,4.999259674787758234e-01,4.999625667340412138e-01,-1.861409136310404333e-01,4.990945538748525201e-01,4.999953354054348376e-01,4.999582967190867033e-01,4.999929332071996191e-01,4.472854050248372682e-01,4.999962949072834228e-01,4.999300322005411634e-01,4.999947852161587547e-01,4.976927646427973251e-01,-2.062801640913073387e-01,-2.060411069018155961e-01
3.760980515504161459e-01,4.998592015346680073e-01,4.709851747874789774e-01,4.997551648562436055e-01,4.993401675854774457e-01,4.699589019962290837e-01,4.997997360656201704e-01,4.997489943360595155e-01,4.546759311450860874e-01,4.999586338654140594e-01,4.958406030138306497e-01,4.986930498983024873e-01,4.999527485209253608e-01,1.669321436558091065e-01,1.196005986840273372e-01,4.988952479774366178e-01,4.999095375674018071e-01,4.999150939885073641e-01,4.954688311845951709e-01,4.986686420616076587e-01,4.987791739384490608e-01,4.999098802628748617e-01,4.997520653810936242e-01,4.988855767644418959e-01,4.976710774658622549e-01,1.621691520869889824e-01,4.983825774650161855e-01,4.999500341218915400e-01,4.982531108373716155e-01,4.998952707524783601e-01,4.803363813483341738e-01,4.981058729610767788e-01,4.996013646618130966e-01,4.988173109893695445e-01,4.996889494485594052e-01,4.820292403070540188e-01,4.993679949476992896e-01,1.686592169646850825e-01,3.751457960694243865e-01,4.977724484564989837e-01,4.998785244443624265e-01,1.682247325804084315e-01,4.999173196155711207e-01,1.680132805208670033e-01,4.998788793977137490e-01,1.681742097260705004e-01,4.995544021730171647e-01,4.984208276215320033e-01,3.761755125973934577e-01,3.760143624781052685e-01
4.470153485416336614e-01,4.922574224243391749e-01,4.628122509255392369e-01,3.348277490799708156e-01,4.887211933954310750e-01,3.686713281460366476e-01,4.985558619299445549e-01,4.931999666269406002e-01,4.888485233197097379e-01,4.945564624114653918e-01,4.067247339596793410e-01,4.965149370245683369e-01,4.747844704223723178e-01,4.802827040639279788e-01,4.045786208469713263e-01,4.941744202827265120e-01,4.754332392369200466e-01,4.973472542353764014e-01,4.775038817644066680e-01,4.977444824128541834e-01,4.364647016693999904e-01,4.575760787091581738e-01,4.855519058874602778e-01,4.922443566604578491e-01,4.684548409342048081e-01,4.837104848934117296e-01,4.490564876276690320e-01,4.760412021951370698e-01,4.931751600775357014e-01,4.867176713711748870e-01,4.469764131921248329e-01,2.948289722219992748e-01,3.797205917217920113e-01,4.940837414151482143e-01,4.852734086827070747e-01,4.989984452857407771e-01,4.930350350758792022e-01,4.891392708972098768e-01,2.697290954860183110e-01,4.790911585401400608e-01,4.951812014622726799e-01,4.922529522986378581e-01,4.950818451741872406e-01,4.325390253345414160e-01,4.969316819166269550e-01,4.922319440963885406e-01,3.818520325061346976e-01,4.318004911027760184e-01,3.198276501626385326e-01,4.426860078437180879e-01
4.257074118922188899e-01,4.594354016541911112e-01,4.919535510162658665e-01,4.791926558393119207e-01,4.730940809893446897e-01,4.141455495212981175e-01,4.834913138252335818e-01,4.924478132625221272e-01,4.939217063411697195e-01,4.923165253804917540e-01,4.828329363896314841e-01,4.766037326964766008e-01,4.813957725949757904e-01,4.769162224048981713e-01,4.329048564398343957e-01,4.852075766859549888e-01,4.837743762561059202e-01,4.929121047792446308e-01,4.723183438218835350e-01,4.835296142762494087e-01,-4.781296798269478714e-04,4.769263754599571969e-01,4.663140015877931255e-01,4.761382560250097540e-01,4.588178767421788873e-01,4.755622706053698190e-01,4.766958339389303911e-01,1.084159492545023855e-02,4.905776431705800023e-01,4.593322195918351780e-01,4.790104945535875181e-01,4.609088846743860657e-01,4.890452861276405327e-01,4.911470755031177027e-01,4.896002566164727177e-01,4.715374059025405629e-01,4.719619100115949317e-01,4.834508920087514650e-01,4.032058047647918420e-01,4.772410113428183775e-01,4.486460700161730708e-01,4.531262205232161611e-01,4.343343293935327254e-01,4.524836972373036947e-01,4.802484506299374845e-01,4.847628504382739956e-01,4.875142406057589861e-01,1.069305526315419454e-02,4.414829685091311018e-01,4.264329293853379999e-01
4.157981158067768357e-01,4.947031267315792347e-01,4.769026659762305997e-01,4.957484107984511668e-01,4.979933408485739399e-01,4.949435744491785250e-01,2.137488880289158399e-01,4.991874996013237475e-01,4.791353686800575162e-01,4.981157631321457835e-01,4.942686374835513763e-01,2.093384047649902158e-01,4.919331163453791733e-01,2.127048701300938982e-01,2.250717413307715964e-01,4.960172542992417055e-01,4.983921009737111163e-01,4.990880418543541253e-01,4.929406005818056102e-01,2.123151883017580233e-01,3.869310155085382008e-01,4.978724765851999523e-01,2.687538439575413718e-01,2.702686437199763314e-01,4.874757761262007438e-01,4.881630197619910017e-01,4.965377310297343638e-01,4.407637642792880395e-01,4.921691877837505724e-01,4.947043723911502267e-01,4.854663108631867563e-01,4.786056255167751017e-01,4.974003736224980599e-01,4.988740822869778824e-01,4.978474949144793826e-01,4.922475783769393876e-01,4.889635408612881817e-01,4.965944513606698751e-01,1.758759272051229339e-01,2.675240078318269488e-01,4.883535369258257264e-01,4.922853210168734450e-01,4.952386350754219846e-01,4.896451086507230821e-01,4.984817492483846202e-01,2.115182012390530997e-01,4.970241655495780675e-01,4.381684749827469139e-01,4.170144594721503783e-01,4.037966355581030786e-01
4.547830128153716456e-01,4.807603912975317306e-01,4.811861874259635297e-01,4.981795201461686196e-01,4.982812659164913005e-01,4.968759545104173281e-01,4.800864478953500436e-01,4.997532823849540895e-01,4.879402527013885771e-01,4.993365265299604117e-01,-5.901494024405692061e-03,4.784801934966759207e-01,4.989764541999520131e-01,-5.650313539573345763e-03,4.478305512003702415e-01,4.984064702562607807e-01,4.992054365531308768e-01,4.973480837870964399e-01,-5.832992958735746560e-03,3.583236934470689361e-01,1.740731208452694911e-01,4.990034192226803778e-01,4.852545695548682869e-01,4.964188128399758537e-01,4.990196925123715488e-01,4.905903346485418481e-01,4.990225307205180538e-01,3.420105340297938668e-01,4.813695618886294492e-01,4.909100316127522623e-01,4.848788593094348065e-01,3.758991458480031023e-01,4.934814874717404209e-01,4.970162202581951405e-01,4.987685474979416944e-01,4.921903419024032944e-01,4.957319122076006557e-01,4.981166942235172312e-01,4.353867696370702922e-01,3.695276274189790988e-01,4.814429899596480156e-01,4.964890444668911829e-01,4.910341585979454138e-01,4.399674355223531230e-01,4.976889636887709134e-01,4.798109782019232550e-01,4.813820581636280571e-01,3.417471837339176033e-01,4.539386653448186926e-01,3.495587675434929653e-01
-2.032733627444915647e-01,4.930343289595749412e-01,4.946899236167907610e-01,4.980367824768600071e-01,4.948899411255460734e-01,4.954584497915699437e-01,4.955681362463887907e-01,4.991255163711081910e-01,4.920066323578430878e-01,4.992262986333902974e-01,4.855688915171595399e-01,4.969291548279467507e-01,4.989723956793994941e-01,4.844196207226665885e-01,-1.989705945973797019e-01,4.953857979984462312e-01,4.986310883038808095e-01,4.990303224836598051e-01,4.855756771680284634e-01,4.969594874988647049e-01,3.501519051540167293e-01,4.992355725832577362e-01,4.927535998646093707e-01,4.952977427109166442e-01,4.952935891278603120e-01,4.944787266368863010e-01,4.976730370576061269e-01,4.193657301099935619e-01,4.935319717511034154e-01,4.978109701244666785e-01,4.889775083362181141e-01,4.670525313986106375e-01,4.956458443716483808e-01,4.982748685260926513e-01,4.984140024300723892e-01,4.949505608244531008e-01,4.928316115065178860e-01,4.990904831465660108e-01,-1.998759928847494149e-01,4.937210136947922101e-01,4.926170701666239271e-01,4.971249294867302049e-01,4.987796291206865185e-01,4.898460253638503015e-01,4.972173388535485183e-01,4.982622919589626553e-01,4.942886238957495681e-01,4.154438317838578532e-01,-2.030226015353511493e-01,-1.884165716957230119e-01
4.787036778045141161e-01,4.916790543484028664e-01,4.812232531464676888e-01,4.953342931352037737e-01,4.965942506029477066e-01,4.830437358775717116e-01,4.948201999797265382e-01,4.963777449786838103e-01,4.850634831740143760e-01,4.989238541433053120e-01,4.750034809305323513e-01,4.953824007278327390e-01,4.976434760147081526e-01,1.950662019773955480e-01,1.906316922571650863e-01,4.971349064686544361e-01,4.976687357944588608e-01,4.986073160445909092e-01,4.731354102661319838e-01,4.926494425924469733e-01,3.356578921673172844e-02,4.985874072151620928e-01,4.855222490930027335e-01,4.959933943121315747e-01,4.904646915408160668e-01,2.044348411090236017e-01,4.933709993205792621e-01,-1.308411894410993481e-01,4.922076599081134929e-01,4.856939273758844600e-01,4.932307401061448160e-01,4.622726495517097134e-01,4.972777072502681528e-01,4.990471526696915183e-01,4.954242294903555277e-01,4.990692421993949690e-01,4.932479656295488679e-01,2.056879511727691401e-01,4.605557560928488225e-01,4.948614863296427746e-01,4.903750347022083900e-01,2.045821731790031239e-01,4.932301138276383723e-01,2.024562518557965207e-01,4.984290604307677341e-01,2.039807089260883000e-01,4.929171802183373585e-01,-1.297668899592640257e-01,4.797249902167605717e-01,4.484893759713146633e-01
4.591259324717726353e-01,4.790546352348900028e-01,4.028211702010259798e-01,3.661821783862544977e-01,4.892286595992773601e-01,4.054994465975015339e-01,4.823905613016338800e-01,4.963949433614522899e-01,4.894351718629083581e-01,4.977575791738295674e-01,3.653267430055822662e-01,4.799520514079567701e-01,4.846110000055960376e-01,4.627251821414699595e-01,3.864343133262790886e-01,4.948141130663009091e-01,4.842877019144644080e-01,4.972787051491014965e-01,4.656135788464842440e-01,4.811578178804986061e-01,4.621739359106636913e-01,4.631184200142166030e-01,4.866910079231657749e-01,4.859368380877728266e-01,4.692552990492331322e-01,4.747856286630096068e-01,4.700344483499221959e-01,4.922837050337502962e-01,4.915116124901610650e-01,4.887720075869165792e-01,4.115181190759761298e-01,4.044538463092844371e-01,4.128932734762969514e-01,4.934918970492889190e-01,4.846561224461088391e-01,4.972692037154306521e-01,4.909340741620838999e-01,4.944638297819256567e-01,3.655853309908204118e-01,4.940306494305035101e-01,4.849336841262699704e-01,4.953234856814614506e-01,4.912972445899294605e-01,4.491825011793286748e-01,4.973467919240221469e-01,4.814004061157306502e-01,4.117241125742688856e-01,4.062368668368874780e-01,3.268945588091835552e-01,4.626229043572589461e-01
3.844716378800686063e-01,4.105002841211334297e-01,3.822667347630039902e-01,4.878312476567838729e-01,4.500498463827489193e-01,3.068673369123587902e-01,4.646378265479244596e-01,4.947611126340829557e-01,4.940261404170472326e-01,4.810126694629875410e-01,4.232681115870792210e-01,4.742866805694224142e-01,4.472669740641529446e-01,4.646997918921016990e-01,4.494130151682405594e-01,4.752711459213571077e-01,4.888257404813670659e-01,4.950116967373806576e-01,4.241604317010971292e-01,4.695663698041883660e-01,4.054310884227186329e-01,4.514274033196016278e-01,4.577902622013072520e-01,4.794921314153359759e-01,4.835492296153265368e-01,4.730109464031275746e-01,4.608268817257191174e-01,4.666111264401692771e-01,4.839098816205420484e-01,4.641703457115244902e-01,4.581863974872801282e-01,4.312164711939326933e-01,4.929194091837311165e-01,4.798219196056667801e-01,4.955492809457389125e-01,4.760325039506924094e-01,4.686639975444620299e-01,4.923080508498520746e-01,4.290691441362908254e-01,4.697260315603040137e-01,4.790304315630041221e-01,4.416630362064577486e-01,4.132263484928284658e-01,4.678120665427312752e-01,4.199700100899854127e-01,4.778298404779683928e-01,4.518052588118779966e-01,4.719153449017421953e-01,4.642047566057931896e-01,3.973863531807935723e-01
4.747464936501985533e-01,4.652244988618622901e-01,4.996716521599915417e-01,4.997002518200849286e-01,4.986701615622201600e-01,4.978124127068817573e-01,-2.396516492853923985e-01,4.999180963664734967e-01,3.489983331717607107e-01,4.992349636793367296e-01,4.562862226381447783e-01,-1.710526965675953914e-01,4.840503138738850852e-01,-2.214578988011110527e-01,4.652245041406306014e-01,4.890953750622502039e-01,4.998962818651710993e-01,4.993892951394849899e-01,4.562659115334610216e-01,-2.330855093243147658e-01,4.489018790263846204e-01,4.997879726299739866e-01,1.138783572338545047e-01,4.916501112762681203e-01,4.837797200939007447e-01,4.997177284154276089e-01,4.981345475353478047e-01,4.779902785677021537e-01,4.520406512004683797e-01,1.159517040188052656e-01,4.493214113230680207e-01,8.737562527511873178e-02,4.987978238634104278e-01,4.992116904500813468e-01,4.684964937340990732e-01,4.992690597491526994e-01,4.778546379678070832e-01,4.998335916638771415e-01,-2.273164702809875315e-01,4.672807692497739085e-01,4.822951425695548577e-01,4.667128114693270824e-01,1.165797049283220505e-01,1.138039447305962820e-01,4.678958051761167858e-01,-2.372466526533691944e-01,4.983431591511887082e-01,4.778689278203939739e-01,4.449178196603427171e-01,4.349712418792989199e-01
4.705637532527530698e-01,4.964940188103834084e-01,4.999427416716214490e-01,4.999982023898955075e-01,4.969471541289843808e-01,4.999353485712563772e-01,4.973425433420395891e-01,4.999953392936258845e-01,4.997552160892851925e-01,4.999903448683382656e-01,8.047257515874208303e-03,4.972002599978291304e-01,4.999571241407413380e-01,8.005441028817958729e-03,4.672563161906286844e-01,4.999831690286796193e-01,4.999963979288814531e-01,4.996896121320840156e-01,8.049143557267431776e-03,3.746684143757469387e-01,3.055780172054878285e-01,4.999899092261839151e-01,4.371835171579891988e-01,4.998612322245744588e-01,4.999514736056769326e-01,4.999321344402040679e-01,4.999898650925898025e-01,4.503040790991068021e-01,4.997102197330978712e-01,4.995317675948751646e-01,4.406751612338997148e-01,4.974173191464159038e-01,4.374184274008472428e-01,4.996877117136597768e-01,4.999835010667791346e-01,4.999369396779731467e-01,4.346308674375219394e-01,4.965179474481150046e-01,4.680428168370204256e-01,3.765985500157802424e-01,4.999324421656540229e-01,4.999082724042470116e-01,4.995301627823474089e-01,4.775941911553169272e-01,4.999474527976740523e-01,4.973136052973987642e-01,4.999780014001447004e-01,4.503740411692507273e-01,4.705730123600033732e-01,4.692512373446534046e-01
2.414014498973421352e-01,4.999956543487351635e-01,4.999944578108304616e-01,4.999993551849697959e-01,4.999786782922394091e-01,4.999727320725638191e-01,4.999969759025204019e-01,4.999984829301500344e-01,4.999930704565564987e-01,4.999999398077627499e-01,4.998990844581759352e-01,4.999750062374632709e-01,4.999996795322401155e-01,4.998891334993726399e-01,2.413316287380247172e-01,4.999785347700751448e-01,4.999998332952925173e-01,4.999974078028619484e-01,4.998986242996744100e-01,4.996233251237686135e-01,4.995949654269968288e-01,4.999935753112655923e-01,4.999473729213888551e-01,4.999728486055160515e-01,4.999583021857902376e-01,4.999916238414448544e-01,4.999980266162901144e-01,4.998276085321036177e-01,4.998010072550778671e-01,4.999879144332215475e-01,4.999497142204638589e-01,4.179025186128926261e-01,4.999605459096919113e-01,4.999759282645959702e-01,4.999978576426890031e-01,4.999995137352306607e-01,4.999622222694742324e-01,4.999901008360861376e-01,2.414665932451964814e-01,4.999429455553641710e-01,4.999988981803230037e-01,4.996426325360522336e-01,4.999902259236334023e-01,4.998203290300232138e-01,4.996551244692557514e-01,4.999899052696091251e-01,4.999974369328826218e-01,4.994525063561963685e-01,2.414017512433355162e-01,2.021415983337489508e-01
4.733179924066605038e-01,4.998942716530928587e-01,4.991082710788263266e-01,4.998363987538090858e-01,4.982855131730177800e-01,4.985540978904699494e-01,4.997720982813573243e-01,4.997608100163655753e-01,4.910571293142401705e-01,4.999866100666159330e-01,4.998529883125683027e-01,4.991935362185622171e-01,4.999720291875166533e-01,3.412911203295266871e-01,3.213449094744912360e-01,4.994927148165803077e-01,4.999748971959375732e-01,4.999645551166305713e-01,4.997636604262292725e-01,4.997007197503828269e-01,4.990018666107660650e-01,4.999513427568086921e-01,4.985496182786323116e-01,4.994660233073931477e-01,4.989448365630138604e-01,3.357400600485279107e-01,4.999224167753274495e-01,4.995833027581105812e-01,4.995363619945001887e-01,4.986091186452617507e-01,4.913989614841572373e-01,4.735890741667456716e-01,4.998061914872469202e-01,4.994688127772617947e-01,4.996991625584352170e-01,4.917343429461166204e-01,4.999232786342087120e-01,3.414216787715647627e-01,4.714183829732809250e-01,4.993840175778441748e-01,4.999359503523501669e-01,3.414170693165027859e-01,4.999023743698209343e-01,3.404733596877103641e-01,4.999771893157056168e-01,3.413020164073987117e-01,4.996239772381936284e-01,4.988772839031004880e-01,4.732375080795307443e-01,4.488117603153937707e-01
4.326449788780952765e-01,4.816530434013673867e-01,4.942259496157563881e-01,4.810522727799074749e-01,4.959850193663587481e-01,4.887238785456871626e-01,4.982655609973963839e-01,4.991696407978930550e-01,4.646823138529655450e-01,4.979494160883775611e-01,3.937196876140984791e-01,4.965256790991534053e-01,4.985634553023829407e-01,4.877152905117873027e-01,3.792577593972146222e-01,4.976128122157797429e-01,4.824090790324312428e-01,4.993329235268945121e-01,4.944856378321212387e-01,4.991472151960028025e-01,4.931329597099178286e-01,4.942556380238260494e-01,4.876701553070563189e-01,4.983576677467265736e-01,4.800370944753746261e-01,4.547600008233914082e-01,4.807472632258401601e-01,4.985514635143150075e-01,4.988593361591431852e-01,4.879267919620766114e-01,4.281689152979357149e-01,4.664269786933013529e-01,4.880828146804483403e-01,4.982978168782137840e-01,4.808328373098887942e-01,4.833850318490533482e-01,4.980027589622246231e-01,4.912692694888372014e-01,4.249661454630159763e-01,4.970461727596685586e-01,4.970943355978539868e-01,4.908244887922719735e-01,4.820332695999245964e-01,4.842888605261057022e-01,4.990897410377504451e-01,4.911700603808484278e-01,4.898427496187375274e-01,4.265202403303927081e-01,3.797951772703890283e-01,4.078041613002960641e-01
3.477446041365638840e-01,3.688722219503764999e-01,4.354919944857207903e-01,4.322856092709804199e-01,2.886376850024918173e-01,4.074646090718889169e-01,4.537244751008365218e-01,4.734438308740184786e-01,4.690998260246970752e-01,4.431115384918876132e-01,4.279706266620085242e-01,4.594155512954831710e-01,4.198087856254365535e-01,4.613953022147739835e-01,4.089799570425860509e-01,4.562039492479894598e-01,4.116985109836010515e-01,4.494503866057569241e-01,4.168598238116305033e-01,4.613908709961302423e-01,2.868561391316978293e-01,4.366211809398617971e-01,3.532870071784456889e-01,4.422217614987600243e-01,2.678494073265647590e-01,3.960385827260106129e-01,4.338742493803585121e-01,4.365043756912992401e-01,4.524036480790092352e-01,3.477982905217699150e-01,4.019566815185550146e-01,3.719223753718129966e-01,4.204759360560008652e-01,4.438322019378197480e-01,4.228260971301592841e-01,4.534125025374877715e-01,2.942907230937510943e-01,4.203060828775783131e-01,2.433867139765315823e-01,4.414043989471444496e-01,2.689949006297888134e-01,3.011116317591296943e-01,4.239446518685123233e-01,4.416941644970774350e-01,2.609041808727788347e-01,4.204729318477784528e-01,4.355625234741055674e-01,2.921012508637774174e-01,4.246849623604931345e-01,2.504538532018119046e-01
4.815021211464590722e-01,4.781500681202056624e-01,4.691742404203868566e-01,4.941064825424450468e-01,4.945361737949418579e-01,4.945816191142610174e-01,3.992275319831165015e-01,4.987020922565287284e-01,4.905357376340619968e-01,4.981310333775119115e-01,4.975403659753871444e-01,4.658997254052973380e-01,4.343270769821662158e-01,4.441755835066464875e-01,4.782970945241877825e-01,4.221213307642517898e-01,4.983320727975174003e-01,4.983938850962807976e-01,4.952465094795284739e-01,4.113513899851944378e-01,4.680771316264631943e-01,4.972530245048346065e-01,4.940935612409708133e-01,4.940851085322870428e-01,4.295810234367822278e-01,4.936258596856046288e-01,4.945768812968865391e-01,4.852968165393110600e-01,4.219750861243170004e-01,4.960618365561487164e-01,4.295042558942955280e-01,4.866323895068912497e-01,4.977284884978914192e-01,4.970403981604717969e-01,4.925129512103180174e-01,4.924905053345368100e-01,4.083144119416035056e-01,4.987337344521841076e-01,3.829839123875917739e-01,4.306345479744909110e-01,4.236797961407982593e-01,4.905948048686437080e-01,4.955905880175056066e-01,4.787237642612004462e-01,4.898151410238844039e-01,4.101997702424265424e-01,4.871943168321251627e-01,4.818553789539942178e-01,4.791693133011597494e-01,3.087697729247858569e-01
4.367154813840101735e-01,4.837248016299934839e-01,4.818518914175960455e-01,4.977316399790840395e-01,4.970453322295604326e-01,4.961761926208215212e-01,4.432735116056177871e-01,4.989085264823183152e-01,4.963644382062525895e-01,4.989155726324561169e-01,3.544010058345847258e-01,4.457020445524783603e-01,4.973699703520078619e-01,3.160935658502663226e-01,4.346180113747589169e-01,4.951500234863165928e-01,4.992985489653661846e-01,4.985067319876672620e-01,3.545494880017851513e-01,3.992024375795632518e-01,9.484004527602250822e-02,4.989890683060738685e-01,4.955697830791455094e-01,4.990627498622788316e-01,4.970538895312168193e-01,4.987573657258524418e-01,4.988583022409097123e-01,2.290811606961929980e-01,4.819981325545500406e-01,4.962559818468974537e-01,4.482589445440324227e-01,4.926458365260572569e-01,4.966694723823953384e-01,4.981168868628700896e-01,4.986064047430441848e-01,4.989486326150915918e-01,4.935254147708618144e-01,4.991063316034409225e-01,3.467656278477751486e-01,4.454585912158175454e-01,4.820857357455091696e-01,4.959944098745019403e-01,4.985171247430190133e-01,3.415924321134519159e-01,4.971656130932357032e-01,4.454025888539881461e-01,4.830327634981080309e-01,2.299134412105052483e-01,4.362643286479931937e-01,4.280281410956488508e-01
4.736315712903242936e-01,4.924428813007035166e-01,4.973524228687734583e-01,4.976690816128775396e-01,4.910603260747010701e-01,4.967680151562238744e-01,4.894182183038404133e-01,4.992093401623225457e-01,4.944843458932609570e-01,4.991869473710888738e-01,4.489691414419549886e-01,4.873119572522802700e-01,4.987631912376999654e-01,4.380349379225931261e-01,4.617305181782661583e-01,4.990271479165385715e-01,4.985880179315139715e-01,4.991091597355122866e-01,4.493917729930587690e-01,4.808039740400535389e-01,2.184097897710743363e-01,4.989345092077147603e-01,4.854026276052604838e-01,4.964670576654861556e-01,4.961342339958575431e-01,4.929484822652057119e-01,4.986202478357295020e-01,3.325062081641733669e-01,4.931716482494681308e-01,4.904289044730530955e-01,4.915389149807761759e-01,4.783893873377262351e-01,4.946349501885257127e-01,4.991539048020335323e-01,4.980702962851424886e-01,4.973929521795592557e-01,4.940754806685598299e-01,4.950344149802722860e-01,4.581374649931466703e-01,4.874350535330337353e-01,4.910069110259877023e-01,4.929630034572645148e-01,4.929588153487789448e-01,4.776176255217077227e-01,4.978139505965321066e-01,4.851565838126200014e-01,4.930062096536207417e-01,3.315207739433484457e-01,4.740413855999590087e-01,4.612865492702283854e-01
4.917718202456882182e-01,4.917184049330623474e-01,4.927586970582708004e-01,4.959583184207494444e-01,4.957896283200696752e-01,4.959869039615520392e-01,4.960710927013816662e-01,4.995132873689364095e-01,4.572642340049569709e-01,4.991743555794525555e-01,4.662890989090632821e-01,4.959269792091268170e-01,4.985957586374706874e-01,3.429216475858067326e-01,3.584461720116871586e-01,4.975565360994705921e-01,4.979317106135707771e-01,4.988511133066967917e-01,4.641227641331091003e-01,4.902785567145855339e-01,2.779852750111531656e-01,4.985568803987531217e-01,4.950265267594654572e-01,4.950303059460449129e-01,4.925519841791249354e-01,3.359506848469633322e-01,4.951869715407693495e-01,3.752859472707623101e-01,4.957103299002530439e-01,4.964522870916130981e-01,4.559992919675472933e-01,4.727326151509082530e-01,4.978925010102863147e-01,4.990914336806610563e-01,4.981300246799703069e-01,4.587788347804151456e-01,4.960378851647431198e-01,3.669783637738231463e-01,4.848645444429521278e-01,4.900331023999157098e-01,4.918838002790705266e-01,3.665508754403084546e-01,4.977666914097644280e-01,3.600862065779968368e-01,4.987567234428706975e-01,3.657976044822178752e-01,4.957794417935649234e-01,3.724928901641120227e-01,4.929143718345511127e-01,4.737359215728678130e-01
4.298233925346143791e-01,4.677995199657613012e-01,4.532149434597338433e-01,4.898515702044659026e-01,4.939196953543985025e-01,4.931534717106076382e-01,4.813908537893355488e-01,4.954422384108481681e-01,4.752559169319364729e-01,4.966823085625011180e-01,4.070014829679112212e-01,4.835584992877265953e-01,4.955962562124699988e-01,4.532017725095997540e-01,4.163782705110460891e-01,4.942941393855062038e-01,4.881623392241686843e-01,4.985742410875947384e-01,4.608035073630958878e-01,4.781152091015073990e-01,6.127062394563761311e-02,4.977194836101820341e-01,4.941565165932561010e-01,4.918832203316585439e-01,4.665176891942424686e-01,4.774001979490236636e-01,4.674905865344131661e-01,1.771174162522865247e-01,4.913293732778752920e-01,4.957410690988023338e-01,4.767621752424872628e-01,4.637011005238279027e-01,4.957460487532381888e-01,4.983649866062322964e-01,4.736889046315970186e-01,4.961903763062605055e-01,4.912684511725696201e-01,4.980281020244723966e-01,3.994076419043803838e-01,4.904143107667992552e-01,4.912575154164467439e-01,4.964840937394313647e-01,4.755537367743529753e-01,4.834729848146338549e-01,4.974137694119195596e-01,4.846643062649639289e-01,4.908801013863677842e-01,1.630995012998532612e-01,4.163674315102947610e-01,4.115253226272059250e-01
3.369862914474278104e-01,3.641510912766555697e-01,-4.930950433075413641e-02,4.174612688372745239e-01,3.194232578147114254e-01,4.254663894565182680e-01,4.455569292722552643e-01,4.474662560288670266e-01,4.597812577842355086e-01,4.351930833839197654e-01,4.183423292481239231e-01,4.436930406106689428e-01,4.135078429955250101e-01,4.090183219612505416e-01,3.671127310547095401e-01,4.486347150967601727e-01,3.703556003041732492e-01,4.215503787417605452e-01,4.283239417163272611e-01,4.213114567002158029e-01,2.244931308979636608e-01,3.970281937630920077e-01,3.725344889842410745e-01,4.557950536147271636e-01,1.308708922547472953e-01,2.948842406749881961e-01,4.493384478851371044e-01,3.990283430641982099e-01,4.235818683351655345e-01,3.875745452875940522e-01,3.674929368125835483e-01,3.705828505284431418e-01,3.733515118593324633e-01,4.282726143543711395e-01,3.727356459276426337e-01,4.389490242286502308e-01,2.888182797530275403e-01,3.754131624284176572e-01,1.040786451363054921e-01,4.182653407033070092e-01,1.153057250245140691e-01,3.672751596969663357e-01,4.086760712478154089e-01,4.423453238182211145e-01,3.509122479502560510e-01,4.043467720821082856e-01,4.352557560037177975e-01,1.386909447535205897e-01,3.824989678186094255e-01,3.172646952474250659e-01
4.913550747465642576e-01,4.957346624607850138e-01,4.992930999835244466e-01,4.996559492991995977e-01,4.978417310990926881e-01,4.981545650404485270e-01,1.919558035395815543e-01,4.998335453937164385e-01,4.942094924482686724e-01,4.709248178628654413e-01,4.108481306285727275e-01,4.932751411379790452e-01,4.983031969260999228e-01,3.006079053194778417e-01,4.909068800190511950e-01,1.926013327939054276e-01,4.994579526395501179e-01,4.959377627574719227e-01,4.107340482624086686e-01,4.931582427867216012e-01,4.837796702640700386e-01,4.994284092821430487e-01,4.916387502966138578e-01,4.938324174492741414e-01,4.988362399602942476e-01,4.996713447097188565e-01,4.994643130071048653e-01,4.947748216519684550e-01,4.963535791570042321e-01,4.973875276088907116e-01,4.733176400543294693e-01,4.896724119971588296e-01,4.957872781483234625e-01,4.957455465221871083e-01,4.920956979788914665e-01,4.837008444529222184e-01,3.253978486439339513e-01,4.997037175423333366e-01,1.865472614462921896e-01,4.718822935592332235e-01,4.973630228163895550e-01,4.158668892677916951e-01,4.919870186686070013e-01,4.161378558840208020e-01,4.810286798793363405e-01,4.982644544608663684e-01,4.975852791653048723e-01,4.943654219536844918e-01,4.959709201114319566e-01,1.932262327381866207e-01
4.231281185956198843e-01,4.997566409296141376e-01,4.968486555633461199e-01,4.999736640443981917e-01,4.999792231633690132e-01,4.968213303526276547e-01,4.865776704931930041e-01,4.999945138737830752e-01,4.998183147316119790e-01,4.999868261596261965e-01,4.674393205190305323e-01,4.869743575431771943e-01,4.997930968500542970e-01,4.551127059025396049e-01,4.224911447434566147e-01,4.994116144660958878e-01,4.999899406183852535e-01,4.997090843026454343e-01,4.674414734090113210e-01,4.805744699292583966e-01,4.792335549659563765e-01,4.999791244283343095e-01,4.881018274383489008e-01,4.993826912484982117e-01,4.997212426022359932e-01,4.998399150479745368e-01,4.999747771527643381e-01,4.911822400616464579e-01,4.996798717648339161e-01,4.906661839063444774e-01,4.938251725964826755e-01,4.898930340912254766e-01,4.945792136405415818e-01,4.996754591152999803e-01,4.998854784858322020e-01,4.999281628673641342e-01,4.974471852367705060e-01,4.997883692683025569e-01,4.087182067546587527e-01,4.957408264047903912e-01,4.997683099087990022e-01,4.997510006651113557e-01,4.907131824576408952e-01,4.873683943912267558e-01,4.998532711372701276e-01,4.868367716091114850e-01,4.999806780625217772e-01,4.911582308567722932e-01,4.231056155873358926e-01,4.221817888916621353e-01
4.521708491486989279e-01,4.999959059981441967e-01,4.999995524426240068e-01,4.999998148014817012e-01,4.998806777272141733e-01,4.999955796963149735e-01,4.999872669518455326e-01,4.999999184590813162e-01,4.999942573980372673e-01,4.999998641559474932e-01,4.999979116415197433e-01,4.999862197569910349e-01,4.999992557524002290e-01,4.999749909696862282e-01,4.520174911378967986e-01,4.999982174216043296e-01,4.999999138803811749e-01,4.999996684308884998e-01,4.999974998902259049e-01,4.999863693813627608e-01,4.985458004172411695e-01,4.999994543467746189e-01,4.999545880215020000e-01,4.999979381709863668e-01,4.999978759419116403e-01,4.999887169477025273e-01,4.999993885214989442e-01,4.992807238180650975e-01,4.999826259354260283e-01,4.999908876642945588e-01,4.998154583785950344e-01,4.998375399438523825e-01,4.999638936355011998e-01,4.999988206459862194e-01,4.999998525548333128e-01,4.999950432138119960e-01,4.999608739947180025e-01,4.999914575319303611e-01,4.522124207179707978e-01,4.999929384672739396e-01,4.999992353400303235e-01,4.999853133639891034e-01,4.999867296921815529e-01,4.998739762546030585e-01,4.999994306135860933e-01,4.999811023217019534e-01,4.999997490715475945e-01,4.991932052609638348e-01,4.521350702372531893e-01,4.521022307772540327e-01
4.993547551493850989e-01,4.999695353523808117e-01,4.985938419805434063e-01,4.999617978897100135e-01,4.974310865672591508e-01,4.982664932719431672e-01,4.999884911117822850e-01,4.998983423907510937e-01,4.897879555159683762e-01,4.999974813199669632e-01,4.995005177856584599e-01,4.998196022882068212e-01,4.999872470401843794e-01,4.651817466470627438e-01,4.603585073251635906e-01,4.998492764841891978e-01,4.999852669663551463e-01,4.999902958857161961e-01,4.993143040807352384e-01,4.994040793269967637e-01,3.346800784934750306e-01,4.999916358087420631e-01,4.993884337361084724e-01,4.997706696470219367e-01,4.996713747608672040e-01,4.572622504638428897e-01,4.997365048687742450e-01,4.086062279318153911e-01,4.998524064574977888e-01,4.994719539479907100e-01,4.909379664468996873e-01,4.978872265996079349e-01,4.999535332703406998e-01,4.998422166023459567e-01,4.998872794466795999e-01,4.911185715913531369e-01,4.999068422806227097e-01,4.653691998404541064e-01,4.991175047231709572e-01,4.997396300053224549e-01,4.999755840648859584e-01,4.651050562387045728e-01,4.995528941483816654e-01,4.639607820813619887e-01,4.994360161354046146e-01,4.656387563626671056e-01,4.998618703450462553e-01,4.087333723715860789e-01,4.993677474388401594e-01,4.985178390518605895e-01
4.612225455066179536e-01,4.867806635071092458e-01,4.958774948154101025e-01,4.949506168742710543e-01,4.972953955544419102e-01,4.930260588942777522e-01,4.997132618487735711e-01,4.634951981891977657e-01,4.717199683332320426e-01,4.984244270832207113e-01,4.779934764061061214e-01,4.984843641407637471e-01,4.995487800711341797e-01,4.966801904121537770e-01,4.526029562399975226e-01,4.994482686501006685e-01,4.984990976871774282e-01,4.997826158850313671e-01,4.989887519455917797e-01,4.995997217207075458e-01,4.144309256493987625e-01,4.987124554876300464e-01,4.527440371570212174e-01,4.994237444389306169e-01,4.856406335210839975e-01,4.740272667882657887e-01,4.835599860913407655e-01,4.553439871179547627e-01,4.612071207956011665e-01,4.534991261818850927e-01,4.873001839435294191e-01,4.794621244861071441e-01,4.956310671287160186e-01,4.994867713644596807e-01,4.512932618604834079e-01,4.878064132250424234e-01,4.988402696370572986e-01,4.970534401665943069e-01,4.063056906163436399e-01,4.991245343040261462e-01,4.992611277171328243e-01,4.971125580415994838e-01,4.868360747497113561e-01,4.954283364980904270e-01,4.997416102640739877e-01,4.970615173355299454e-01,4.606641790618096755e-01,4.434103993759705431e-01,4.585738302809047595e-01,4.479724930255803983e-01
3.909424710964672367e-01,3.695788573127853915e-01,-3.159677002676262170e-01,4.002180193299599287e-01,4.137021615702744515e-01,4.616092924219906135e-01,4.877645097963893561e-01,4.657668113787049591e-01,4.549062464938162798e-01,4.625325754671759104e-01,4.649019504914493894e-01,4.476725617914389943e-01,4.444649524070883873e-01,4.666410922880710466e-01,3.633101994467257123e-01,4.540769090739076863e-01,4.509065199762389842e-01,4.514329486946782044e-01,3.987020758090299988e-01,4.602254477245436570e-01,3.507175973366999933e-01,4.370316749705269732e-01,4.066684810908062220e-01,4.127046408439533631e-01,3.564622411571187199e-01,3.795180978305073838e-01,4.173190391050856096e-01,3.987776084316536629e-01,4.277982732508907038e-01,4.249827195034070471e-01,4.533327578728438279e-01,3.142502517743192003e-01,4.455108802807105639e-01,4.579913619112082612e-01,4.622575748327036327e-01,4.466723723360715437e-01,3.822542700225424195e-01,4.572741068695026501e-01,3.541302926632927117e-01,4.488655953012458677e-01,3.320683180876409235e-01,4.566067383306434690e-01,4.457455523178771584e-01,4.112027313347729196e-01,4.696590562676599689e-01,4.809816325596379394e-01,4.573119616309552216e-01,3.740128242011416249e-01,4.056820791501656864e-01,2.937712409940647085e-01
4.750964848714834265e-01,2.943579806014627320e-01,4.585159127114071809e-01,4.666691974631022588e-01,4.936944626569093608e-01,4.936268591210586365e-01,4.732406652578737827e-01,4.957959285727978060e-01,4.971454083272583979e-01,4.854977788815615924e-01,4.461146207004340059e-01,4.894453423353761212e-01,4.958901551038251698e-01,4.520475309417443799e-01,4.928710045590892763e-01,4.728803727578858029e-01,4.975401067563290369e-01,4.934746311300333144e-01,4.422832282032130302e-01,4.939172045746804129e-01,4.844648406950828878e-01,4.827176777916430406e-01,4.940026322596266506e-01,4.942947660226873485e-01,4.773988888842944922e-01,4.927991296842012536e-01,4.913606704145694337e-01,4.952318591343070620e-01,3.062401927090667164e-01,4.949974858463965788e-01,-1.688382892093418797e-01,4.279267946515836751e-01,4.934272947595213510e-01,4.754921758369661799e-01,4.780632769047606367e-01,4.960834163173571398e-01,4.863587672042616328e-01,4.972325763498320894e-01,-1.676457569493930433e-01,4.901520725412891188e-01,3.027108467708076178e-01,4.381276464090856915e-01,4.752971734949518190e-01,1.450942844467837389e-01,4.939973020735375364e-01,4.964214420422874419e-01,3.067855311695043552e-01,4.946889024960327008e-01,4.820115255959503409e-01,4.254817801729215976e-01
4.821928281011381157e-01,4.835496698881638356e-01,4.833344888982312737e-01,4.985060820565022643e-01,4.958074582926214613e-01,4.963993088146293475e-01,4.829055136384694524e-01,4.995380756379146914e-01,4.914759500029545758e-01,4.993565317120964298e-01,2.437436345456450715e-01,4.816245078658871748e-01,4.986836232243352374e-01,2.360944419320059051e-01,3.379068488622175570e-01,4.972780300458690128e-01,4.990607475567956919e-01,4.991005527932704244e-01,2.439698083290146313e-01,4.336342984577409854e-01,2.235122290893105101e-01,4.991528962892061716e-01,3.509865390006052799e-01,3.522215953369966512e-01,4.978154293016758825e-01,4.919437387847063747e-01,4.980913644549878061e-01,-3.555020659139586647e-01,4.840854040961160010e-01,4.977514596368526889e-01,4.888378285269570078e-01,4.744174359318233947e-01,4.982066946628813109e-01,4.989784927280702664e-01,4.966584641673647549e-01,4.950526003764966210e-01,4.968994499163859602e-01,4.962970593512329165e-01,4.621054399489187281e-01,3.147498364460108444e-01,4.848572568316785736e-01,4.912526524212889045e-01,4.976980068324262652e-01,4.629131742404067884e-01,4.949892924986178389e-01,4.817321366127881310e-01,4.863503860212981533e-01,-3.527990456181027690e-01,4.803449109817576335e-01,4.616357768649047566e-01
-1.045009129656335189e-01,4.919783434994761673e-01,4.976152975607125439e-01,4.976583435111619491e-01,4.921729731052248979e-01,4.962878337332159995e-01,4.702188143917598873e-01,4.988833862856165147e-01,4.893896987987688130e-01,4.994142432535995657e-01,4.569453671046843635e-01,4.729159398000898906e-01,4.979460975837213255e-01,4.285183700372751092e-01,-1.020470755097914184e-01,4.955380280589163355e-01,4.985214682495019423e-01,4.992168074881346840e-01,4.573237415045759424e-01,4.636686782278708341e-01,4.170411056612104428e-01,4.987572135134873963e-01,4.794827170813024120e-01,4.986711403908846152e-01,4.952042046142889342e-01,4.856722253456310923e-01,4.981304600287540518e-01,4.617950722719644241e-01,4.925104650347843505e-01,4.922079803269135412e-01,4.746810098234643949e-01,4.860761318925071461e-01,4.848278639426125136e-01,4.991883109954756148e-01,4.978940530626855820e-01,4.912048875728303177e-01,4.823491820321370027e-01,4.932586558229281604e-01,-9.587168194751162498e-02,4.881224849651980557e-01,4.899954799719923870e-01,4.933494940605450130e-01,4.926219829333704503e-01,4.799908365201265292e-01,4.981556010114719379e-01,4.679825646700933595e-01,4.924278901844879042e-01,4.584070499913446839e-01,-1.045800083102626094e-01,-1.019442576645057663e-01
4.700290057047624703e-01,4.930187814141649971e-01,4.863433025954538858e-01,4.953651819611219476e-01,4.977137574628218708e-01,4.914693973657368598e-01,4.918985956154875439e-01,4.979161348727056957e-01,4.761497327462987372e-01,4.988303831746809247e-01,4.886948149742681990e-01,4.911805153866792284e-01,4.983392714029680204e-01,4.614206824685001540e-01,4.402059491167713001e-01,4.974880991090375182e-01,4.982773920417180036e-01,4.990083218486098260e-01,4.872156065134258807e-01,4.838962616097173819e-01,3.352619151653185026e-01,4.984035054357457972e-01,4.899402178820461695e-01,4.950403441671399341e-01,4.933424068262852735e-01,4.599519796156518181e-01,4.960191650149368692e-01,4.112118017263649006e-01,4.943605550814911265e-01,4.921002786987006550e-01,4.755844636100987066e-01,4.801372657294755708e-01,4.969090687265790840e-01,4.989955543073860689e-01,4.969062925920761375e-01,4.838286351954065312e-01,4.951165230191767463e-01,4.759343422210725594e-01,4.505396349370496267e-01,4.917562540981232355e-01,4.928924662842343318e-01,4.704284475264490228e-01,4.969272542379529756e-01,4.690789271753979528e-01,4.941802707752767088e-01,4.704005644948064391e-01,4.939619498846689050e-01,4.093067338531393706e-01,4.702159055624247630e-01,4.593303785575446607e-01
4.500308873163406109e-01,4.870290125026996986e-01,4.647323255726355518e-01,4.925738673070616525e-01,4.954515348876628034e-01,4.962266325847486947e-01,4.982839201222585834e-01,4.424366959275403688e-01,4.937430628681251932e-01,4.979556441650839216e-01,4.760920371441454968e-01,4.935112615402369451e-01,4.983591049382837257e-01,4.867378313104027132e-01,4.440579746706156961e-01,4.987562502593716474e-01,4.977607678379332157e-01,4.988159904385791599e-01,4.817683432987752701e-01,4.959448694044747419e-01,9.932379393317611327e-02,4.981806721511847225e-01,3.908296946703025410e-01,4.933958034418415850e-01,4.885013205095670163e-01,4.869174992195401952e-01,4.890820183053021797e-01,2.211838671985437987e-01,4.397862100227799553e-01,3.924342385399490762e-01,4.817785529857393501e-01,4.518120155130566640e-01,4.972223994705153305e-01,4.987539965604836367e-01,4.377949734831788065e-01,4.989168647016941072e-01,4.945484759673486885e-01,4.991646055181594988e-01,3.398356846653334817e-01,4.947806404499244248e-01,4.952477105410193481e-01,4.958184119342709528e-01,4.933299603147488499e-01,4.906350524354750609e-01,4.970873065638771182e-01,4.983540979581285169e-01,4.399647994724797950e-01,2.179978109358022276e-01,4.456305163427841110e-01,4.092434521860079388e-01
3.519095075058947253e-01,2.534494624287863540e-01,4.021067599432185946e-01,2.542274239334803010e-01,3.863495475144569369e-01,4.510613451419829834e-01,4.767671535694870677e-01,4.858497175433713622e-01,4.620817199120200724e-01,4.842166250942040451e-01,4.705947445876708102e-01,4.184529526362509855e-01,4.610046709053142178e-01,4.620133632826471937e-01,3.424920171403983415e-01,4.381119012791549472e-01,4.759610665619932734e-01,4.443591989390734964e-01,2.372953612053736450e-01,4.504303975368446622e-01,3.412294872939976020e-01,4.785248756283388971e-01,4.180325865738718782e-01,2.572889598671840305e-01,2.575722570279831425e-01,4.353444906768342282e-01,2.581597175778854170e-01,3.435028258676955382e-01,4.524315672166467350e-01,3.904832209090865480e-01,4.520172208529736890e-01,3.357812810368920875e-01,4.436986960939559022e-01,4.756141044622411163e-01,4.858495321580192372e-01,4.728775631058638185e-01,3.298921968594387133e-01,4.745616101063828696e-01,3.655126085660625468e-01,4.658934699236675359e-01,4.119822249572951400e-01,4.309934945466393219e-01,4.583596492198254713e-01,2.555798957852333797e-01,4.682082189055390420e-01,4.768194179242488673e-01,4.778987750241049381e-01,3.966737526984319695e-01,4.014206931925007327e-01,2.738574508928351414e-01
4.746058944860415130e-01,-3.697575673944100694e-02,4.977033333547297711e-01,4.814743745950410547e-01,4.969958433339631276e-01,4.951075923147266189e-01,4.626662063926146873e-01,4.944252285248656453e-01,4.964316939038194154e-01,4.918860792600208698e-01,4.291504148908681371e-01,4.663062425784926801e-01,4.918316097298473522e-01,3.953061928849623818e-01,4.755526369515264418e-01,4.804256730940381082e-01,4.911301052674388878e-01,4.107753033423252598e-01,4.257055183101112195e-01,4.750366342015050480e-01,4.176280955894997038e-01,4.849298680293545605e-01,4.948929228862696261e-01,4.917454016776827141e-01,4.850252613658974088e-01,4.979406128415131971e-01,4.933621716259251611e-01,4.601890269842322523e-01,-3.771527209682041387e-02,4.965819027371920491e-01,4.793177947067943645e-01,2.723397325895226539e-01,4.102532440810768288e-01,3.988776237389878299e-01,4.978469328669409832e-01,4.941045594150825782e-01,4.847376935626506733e-01,4.986524623976458792e-01,4.313987159864615117e-01,4.694995170411874752e-01,-3.626091257334357332e-02,4.465508801659370253e-01,4.950510575816704506e-01,-2.977947567490114023e-01,4.967329645248186321e-01,4.776868246703689924e-01,-3.833979977416848012e-02,4.663546016838230335e-01,4.703146113872997969e-01,3.066436447900425244e-01
4.394687945664994544e-01,4.927057303902120378e-01,4.998559877453745970e-01,4.999248062496600697e-01,4.989946026534122780e-01,4.996425361606397497e-01,-3.067671970996129760e-01,4.999665933028842324e-01,4.275830151015989622e-01,4.997633752641263416e-01,4.934679496744346361e-01,-2.627762999846468550e-01,4.994593484470342126e-01,-3.029223367833631109e-01,4.168478091270176877e-01,4.994935995746148105e-01,4.999725016345497042e-01,4.997653021680130703e-01,4.933814894926934480e-01,-3.055522068455048257e-01,4.974381501500716452e-01,4.999431309625372299e-01,4.746714622146516183e-01,4.759090109346389985e-01,4.991597142846597723e-01,4.991380041360055642e-01,4.997970033388134392e-01,4.998109325719776730e-01,4.924657893381976237e-01,4.996084357100792350e-01,4.907826876621004808e-01,4.306174755702948387e-01,4.986085784386453112e-01,4.996046084011965815e-01,4.930084944282068227e-01,4.995350935073335497e-01,4.977569151422428506e-01,4.995023956267107268e-01,-2.693636862348302574e-01,4.733872936723354519e-01,4.993632044278888960e-01,4.917056471707633158e-01,4.996642868689729622e-01,4.959328735327693805e-01,4.928007634329387709e-01,-3.065529919315985174e-01,4.999169211208817631e-01,4.995736519236740336e-01,4.333804175846409090e-01,4.357645049080604016e-01
3.814828831540454934e-01,4.999404026153839720e-01,4.999664776697835822e-01,4.999982470506293963e-01,4.999282281370409642e-01,4.999456602545412354e-01,4.995736169373903302e-01,4.999963779614051140e-01,4.999106632957823204e-01,4.999992094873841886e-01,4.997239991737228437e-01,4.995638696968991987e-01,4.999956579489252539e-01,4.992224222633564468e-01,3.813446304548612220e-01,4.999777271299659098e-01,4.999992936943939981e-01,4.999974256774706305e-01,4.997222601989488311e-01,4.995201725679164761e-01,4.997472953773528515e-01,4.999991560506499289e-01,4.989574591050335850e-01,4.999854996872267754e-01,4.999661642809694051e-01,4.998562699139846854e-01,4.999941150387950395e-01,4.998988332417775848e-01,4.999829766637729489e-01,4.994925189764036211e-01,4.990277040059045710e-01,4.994715301920734096e-01,4.994124680732497934e-01,4.999826616983477079e-01,4.999911497185487996e-01,4.999237442535053311e-01,4.993719476120909162e-01,4.998702657715062281e-01,3.808407112593230059e-01,4.999406848431408590e-01,4.999934251115060735e-01,4.998867543657266599e-01,4.995410679026693335e-01,4.987438225833082384e-01,4.999888560126203307e-01,4.995005512085772814e-01,4.999937172084060188e-01,4.984050509240777194e-01,3.814107582335200530e-01,3.809666789489816741e-01
4.902665540312072245e-01,4.999788006737266866e-01,4.992493997354278124e-01,4.999953269720920912e-01,3.976827225839085767e-01,4.992337603696011539e-01,4.996991225037947237e-01,4.999862815718374431e-01,4.990571238535696508e-01,4.999984474660534306e-01,4.997412593176507878e-01,4.996637722071047838e-01,4.999880887609122748e-01,4.983218092472055938e-01,3.881745737903958271e-01,4.999619772362635661e-01,4.999958124370930679e-01,4.999987042789187930e-01,4.997518092743569174e-01,4.996654072736972374e-01,4.951927379668700224e-01,4.999988032611497046e-01,4.993372075382880304e-01,4.999228027896963633e-01,4.999397942058760314e-01,4.986362488890376254e-01,4.999824501671207289e-01,4.976778464518487044e-01,4.999736754341279621e-01,4.995614345565572711e-01,4.995405774923455389e-01,4.994607376863813286e-01,4.998182403787427286e-01,4.999772402053421216e-01,4.999814438401083971e-01,4.997976212589776424e-01,4.997883914484020917e-01,4.987399195827232345e-01,4.897482673266080888e-01,4.998784032488661211e-01,4.999878115788976563e-01,4.987532785747644248e-01,4.996628065156415444e-01,4.979935913185791763e-01,4.999951599780716460e-01,4.985821965322567162e-01,4.999847671342098621e-01,4.975486765400334299e-01,4.902659891817301441e-01,4.902557024154495791e-01
4.957012163857132947e-01,4.997907942771290246e-01,4.986479423424817758e-01,4.991961723124058170e-01,4.925434228671087267e-01,4.977540883829217888e-01,4.998337295871743136e-01,4.329287723410461530e-01,4.962671793085485783e-01,4.999237359978167539e-01,4.982909676115439002e-01,4.894238403982294483e-01,4.997790207253591244e-01,4.992856802474657241e-01,4.847276884709645906e-01,4.997657628939734531e-01,4.994645872066910131e-01,4.999224326251598405e-01,4.995594329377538445e-01,4.992911124557493086e-01,6.422117106452751578e-02,4.998116862940837346e-01,3.008976171609713535e-01,4.996714000237001962e-01,4.992230382560877144e-01,4.932422229831289751e-01,4.980317716209449741e-01,1.757410491485804915e-01,4.327390926224294332e-01,3.008179521892129782e-01,4.961167739865843807e-01,4.947324314595728523e-01,4.984156791574912981e-01,4.998173480865514273e-01,4.328219403901215068e-01,4.977809272092723059e-01,4.990177460305862400e-01,4.994479847939505279e-01,3.002517052334151004e-01,4.995986958110634757e-01,4.996487490920952790e-01,4.983217646087245711e-01,4.970930377340781470e-01,4.954462200225498991e-01,4.994119069895557317e-01,4.995294261039148753e-01,4.324158397493893524e-01,1.766980965544676097e-01,4.944504191047645048e-01,4.954972941326856173e-01
4.311418343763628314e-01,3.196692140089239520e-01,4.215842629308896305e-01,3.027990535994652399e-01,4.382662924364565948e-01,4.237294992929452331e-01,4.941142317430088915e-01,4.961614694065167863e-01,4.150509256791748425e-01,4.880773466931360716e-01,4.675542977660860355e-01,4.757550101245586194e-01,4.706893392294682066e-01,4.934531292499072519e-01,4.375158923261710520e-01,4.749132262519368819e-01,4.612751390084823822e-01,4.690583058936279581e-01,3.095010971334266614e-01,4.766644411271552251e-01,3.469913102154219553e-01,4.900214749928386015e-01,4.630123863656525618e-01,3.079309243949688857e-01,3.055995201375961701e-01,4.554314842910924255e-01,3.194276880291724297e-01,3.788891326872563803e-01,4.784833161564993609e-01,4.552217267829969383e-01,4.254729158403706135e-01,4.620504368966877329e-01,4.134226602178166510e-01,4.880860326235807456e-01,4.749335399255344980e-01,4.877502271864691541e-01,3.986224305449883598e-01,4.723290318022316803e-01,3.912481643907781970e-01,4.595050440033358052e-01,4.512462609618692611e-01,4.668789294288145930e-01,4.667991080869936527e-01,1.139989753984793075e-01,4.905565094674655957e-01,4.955676064818299031e-01,4.834083609958822469e-01,4.023405901109429750e-01,4.591302145176875404e-01,4.436159858643491938e-01
4.813814194693548654e-01,2.324151109413508387e-01,4.345164197635040804e-01,4.884270419494506354e-01,4.763352787091830742e-01,4.398326319015040675e-01,4.926405013236416219e-01,4.969202701950214407e-01,4.927802505973921665e-01,4.958759618509044342e-01,4.864001355350257572e-01,4.840450988264966559e-01,4.906618258164784363e-01,4.834560411923909395e-01,4.768942282939890309e-01,4.951042665860082570e-01,4.944258493411809452e-01,3.785240071048401878e-01,4.782466283290479625e-01,4.788763945965280877e-01,4.102967367722790137e-01,4.880305634828236427e-01,4.871714468750970028e-01,4.816112901450429473e-01,4.910347431059831624e-01,4.829987120541859857e-01,4.886386069462848036e-01,4.640137735090439919e-01,2.393166601265188376e-01,4.827390503098107910e-01,4.689783769991510143e-01,3.729229283892844804e-01,3.780728970683868706e-01,3.785114020611015651e-01,4.970197245715839984e-01,4.728053283511508553e-01,4.859924031881761586e-01,4.924719074295028087e-01,4.639372774691121748e-01,4.805236683924066776e-01,2.361023016890361204e-01,4.767421531980470251e-01,4.614096874365464784e-01,-2.943789447757774180e-01,4.824647066096958148e-01,4.928951409702018727e-01,2.394697944758308328e-01,4.657792844134288068e-01,4.853389214342578306e-01,4.685040259131931228e-01
4.971069223686798710e-01,4.677633878214532692e-01,4.821955547585842772e-01,4.972671608682422972e-01,4.938566526872266160e-01,4.941225778074629371e-01,4.738236541158869497e-01,4.990775162988598246e-01,4.593099233085947697e-01,4.980865509500589372e-01,3.884050951742539226e-01,4.593359763204480917e-01,4.511435665297059416e-01,3.753366174277131817e-01,4.893547513353805889e-01,4.782087053061762627e-01,4.988082567502591935e-01,4.992719436205019790e-01,3.886529539878765260e-01,4.319271305258365889e-01,4.222609097761989005e-01,4.984802719435734164e-01,4.936975636474900675e-01,4.966426972730298428e-01,4.487613188797016650e-01,4.925311974622628708e-01,4.956690594196878630e-01,4.679989191073977706e-01,4.265321876372425436e-01,4.962339389996153205e-01,4.234769475583824438e-01,1.956494712025577953e-01,4.982880873851056602e-01,4.986704726016472633e-01,4.807652468871739249e-01,4.940243322366160705e-01,4.386447261000451237e-01,4.963498758423126045e-01,4.603196505283853046e-01,4.331396062542087200e-01,4.403509362246202374e-01,4.749763255733295275e-01,4.978220776952784199e-01,4.840927373707364367e-01,4.785410949385524582e-01,4.449996672144072574e-01,4.882549796781899820e-01,4.657758556258831395e-01,4.805559293247230745e-01,1.608685466051817670e-01
4.575542697150462024e-01,4.925106205931699122e-01,4.972978306928386716e-01,4.986210130628518367e-01,4.980314788147640614e-01,4.964482598712117722e-01,4.906484636642726160e-01,4.994690867214695018e-01,4.960213775435047823e-01,4.990540434504988632e-01,4.936962861679864423e-01,4.893317740912855318e-01,4.985435652504715542e-01,4.855418443989427124e-01,4.552226992265028804e-01,4.991470859724828069e-01,4.985135216221237564e-01,4.992784815075150817e-01,4.943492693465086907e-01,4.886753831967878825e-01,1.031582896691426131e-02,4.989209513277029773e-01,4.941262727642121155e-01,4.987193140225447130e-01,4.955820724453525172e-01,4.964225258085363524e-01,4.987244809036266990e-01,8.193508067696367303e-02,4.940232757548471687e-01,4.947759620648635726e-01,4.904652768730196621e-01,4.723322272244956932e-01,4.975440872969909556e-01,4.990470002783615189e-01,4.980555592675500187e-01,4.985975409181653273e-01,4.975087912009156232e-01,4.976105237055494235e-01,4.376637635975070273e-01,4.968618891609550281e-01,4.908960408482945792e-01,4.957384488497112995e-01,4.955095721411547638e-01,4.912656324137068542e-01,4.984366490242402303e-01,4.894912675254992074e-01,4.941894650266484557e-01,8.028896942995504549e-02,4.574417998952043374e-01,4.402169839985443089e-01
3.463311744547018511e-01,4.945464674376485181e-01,4.895033678620449025e-01,4.963788424362635676e-01,4.743971810180008797e-01,4.954957894956898423e-01,4.803895229888738849e-01,4.994349870645060085e-01,4.947927504603859550e-01,4.991846526169940734e-01,4.945615916069724949e-01,4.807658436197017604e-01,4.985823347342223100e-01,4.776979213947050162e-01,3.278640891693425652e-01,4.976993724627107873e-01,4.985084906482780132e-01,4.990306139789857931e-01,4.932638528970649805e-01,4.806545749542196488e-01,2.763332862220755359e-01,4.987317074182924248e-01,4.900195521522045516e-01,4.969491784837992698e-01,4.953156047598015754e-01,4.954342420188369012e-01,4.975103731641261628e-01,3.712691617219830986e-01,4.961319383837686781e-01,4.913287368505710462e-01,4.920054532073037667e-01,4.864639028503642826e-01,4.965475674719187493e-01,4.991863585741021514e-01,4.988110115090899077e-01,4.977054150747889927e-01,4.961040271811437141e-01,4.988809424849429131e-01,3.286126193695030340e-01,4.973840978105650290e-01,4.938111039861238227e-01,4.973915666685677639e-01,4.916806017181121757e-01,4.829857318811934253e-01,4.983617098847440419e-01,4.813689350344810824e-01,4.955956357167002335e-01,3.712220044174071032e-01,3.462437227412424323e-01,3.440804143021116701e-01
4.978157422512717867e-01,4.926423010074116315e-01,4.710157585171909078e-01,4.913355595645926277e-01,4.968861680344445197e-01,4.952218202973387440e-01,4.940406135990992320e-01,4.497787674210503850e-01,4.950543992295327600e-01,4.988713190387672469e-01,4.853292905011101777e-01,4.843738566218324104e-01,4.984850359602107095e-01,4.854558788536286751e-01,4.892597713883499178e-01,4.960167962795480334e-01,4.981989025155723061e-01,4.986182634289361704e-01,4.849407276238956732e-01,4.949741240703103284e-01,4.500120089483350960e-01,4.979184452239583947e-01,3.145257588632037193e-01,4.933824345885524099e-01,4.930232960665717479e-01,4.949911727799903849e-01,4.881312602887407648e-01,4.750993976948539310e-01,4.470059641857144217e-01,3.156805043204977124e-01,4.929936245599245148e-01,4.957217471848658352e-01,4.954387566269010112e-01,4.987151769487805364e-01,4.484164517847650244e-01,4.972002873147913227e-01,4.933930580793624010e-01,4.995493403463439064e-01,3.138073386260829545e-01,4.945077311934714115e-01,4.963134514187038104e-01,4.968160652433531999e-01,4.977326180674823686e-01,4.701444464953646873e-01,4.966735020191335725e-01,4.962908331338888313e-01,4.462369114677054993e-01,4.741828484239330455e-01,4.956796227118386855e-01,4.915401120478881114e-01
3.978554799201104442e-01,4.701662756775158436e-01,4.500266922981508988e-01,4.666989568679539846e-01,4.767486943944579947e-01,4.524342571561856818e-01,4.903465125511874967e-01,4.940453907178407045e-01,3.953127547572500289e-01,4.790417021703962108e-01,4.177875139251455150e-01,4.963175232135749737e-01,4.780800647788341906e-01,4.467824827677110422e-01,4.127150997820767109e-01,4.931925624178741252e-01,4.340954477494076147e-01,4.857290948425785904e-01,4.290238787343604310e-01,4.820492243616046890e-01,2.213354567769127423e-01,4.949929834847800469e-01,4.763485876662676421e-01,4.617411066486338256e-01,4.534004773851132430e-01,4.884644896961662930e-01,4.721726818686109994e-01,3.277649040938767633e-01,4.888170678849602102e-01,4.909238199213675213e-01,4.926122066819664802e-01,4.431890205029656582e-01,4.087944788614615299e-01,4.900386048545262163e-01,4.731706405768015822e-01,4.949915123204802758e-01,4.716012040198121480e-01,4.801187971228799700e-01,3.869940215818548634e-01,4.291429397311908311e-01,4.701071753401407372e-01,4.895844281470522197e-01,4.690653838634470385e-01,3.338578117359766728e-01,4.857482084663657385e-01,4.955571941340262687e-01,4.941724445411233013e-01,3.266928247626034176e-01,4.126647025650552747e-01,3.597485951362587309e-01
3.495686010035836677e-01,4.443437685560504002e-01,4.719752899432451687e-01,4.935669078608747595e-01,4.833577025817206163e-01,3.261385149570354414e-01,4.661894925564570857e-01,4.948222756794241062e-01,4.971965390204421409e-01,4.920062585939154465e-01,1.519285108289616937e-01,4.676170069820275721e-01,4.663394570120096283e-01,1.571889962506415883e-01,3.912225467583747007e-01,4.893711583768410867e-01,4.934158282952666452e-01,4.698382207857247916e-01,1.533340839386742316e-01,3.978749795461761773e-01,1.955506127121792170e-01,4.630637556545111333e-01,4.936598078221680619e-01,4.947445735395499811e-01,4.813407508302211535e-01,4.813667670670049858e-01,4.702205309434557834e-01,3.418224974822628992e-01,4.921786156451573024e-01,4.933271388245620281e-01,4.708490499822076680e-01,4.014029718505354172e-01,4.683860098664698879e-01,4.644529263813800268e-01,4.952625624941423554e-01,4.848013377639369126e-01,4.916045631089457912e-01,4.924091349148971841e-01,3.608851921225659232e-01,4.166367862605779293e-01,4.740599174667390892e-01,4.746591375127036661e-01,4.347271872171194484e-01,3.706813526681406734e-01,4.687305390713471520e-01,4.681660476989981112e-01,4.703983172067326968e-01,3.369030251426592404e-01,3.998131326430938159e-01,3.509923228362923364e-01
4.914542144931399181e-01,4.993895693408004766e-01,4.995430555822523710e-01,4.998933856391365449e-01,4.997789665728892272e-01,4.992247837590612636e-01,4.159087916830052079e-01,4.999710585901426252e-01,4.929699983143250308e-01,4.998647568922809370e-01,4.695156613614880903e-01,4.583424568129702559e-01,4.693541369266429064e-01,4.221655242772267558e-01,4.868463381559307024e-01,4.466679335980632826e-01,4.998876814405582847e-01,4.998392084877821273e-01,4.694482403305687557e-01,4.312480909045207644e-01,4.546415505745600161e-01,4.998706974056263963e-01,4.940389470108910164e-01,4.946423067159927411e-01,4.686951012994913235e-01,4.994849251353093433e-01,4.999066503421406016e-01,4.797091136759731866e-01,4.691358749063212485e-01,4.996318941663496771e-01,4.688907173871914580e-01,4.590896436193874219e-01,4.992083979039143027e-01,4.994693895620977986e-01,4.991052812967843311e-01,4.976824603427992821e-01,4.521440671986864945e-01,4.996117057438766995e-01,4.087240341416099043e-01,4.566718526898796982e-01,4.691187103339173881e-01,4.974001900301076029e-01,4.989907059490011898e-01,4.965723132325986500e-01,4.973335225348123889e-01,4.351625271171275511e-01,4.998536241688975590e-01,4.791978771178324048e-01,4.917570450660243009e-01,3.611798529769925659e-01
4.671273949416477334e-01,4.999141543163724832e-01,4.989494342117358205e-01,4.999902157084750720e-01,4.998292424135861167e-01,4.985185572065120585e-01,4.998721338909286604e-01,4.999956824493120289e-01,4.996509539402190225e-01,4.999882507531897557e-01,4.993651371891101864e-01,4.992858107551023106e-01,4.999570785253431016e-01,4.992938789304259273e-01,4.658116397671617226e-01,4.994668746507792134e-01,4.999976565335313428e-01,4.999974959691337872e-01,4.993680447522406696e-01,4.988336689631459042e-01,4.997258101828110921e-01,4.999944822475986816e-01,4.988030762438140919e-01,4.983981938809102230e-01,4.991241006853200934e-01,4.999707658445471936e-01,4.999904907667688803e-01,4.999201467281023104e-01,4.998430590335973811e-01,4.999926830265967737e-01,4.996508571900441509e-01,4.590275277728523839e-01,4.989857903120928362e-01,4.995727329287509288e-01,4.999270602128227936e-01,4.999737984111842226e-01,4.997706286694079125e-01,4.999705249761014492e-01,4.664547455544770793e-01,4.982389693240869555e-01,4.999557105417954950e-01,4.998187730593704470e-01,4.999891957874874615e-01,4.950280656221548448e-01,4.999212501870106129e-01,4.999492419373743890e-01,4.999903578949951299e-01,4.961482228322820487e-01,4.670323353200833694e-01,4.284189979577844309e-01
4.969761032625887309e-01,4.998871200168833462e-01,4.999860690865107204e-01,4.999953850671441380e-01,4.996377024083190066e-01,4.999651004491459938e-01,4.998424012831735874e-01,4.999874381470859608e-01,4.996072902639465130e-01,4.999983474586079391e-01,4.999767619962559584e-01,4.998397448714160252e-01,4.999978853731352202e-01,4.994354239295545339e-01,4.962074222825917924e-01,4.999977913824700804e-01,4.999985425339877887e-01,4.999998281771272923e-01,4.999713086384784400e-01,4.998257091168385458e-01,4.996395311037927223e-01,4.999987130580677563e-01,4.975502243661190649e-01,4.999929831462426866e-01,4.999952537495100935e-01,4.992286345550144278e-01,4.999787813464778852e-01,4.998217018989852822e-01,4.999705405433860217e-01,4.998340313663917622e-01,4.973074645677700301e-01,4.988205596437658151e-01,4.977175776801232576e-01,4.999978783221312173e-01,4.999839654169500602e-01,4.996188300382616854e-01,4.975211348338420270e-01,4.995019426111376171e-01,4.962637682174327325e-01,4.999901330893940510e-01,4.999987247711849547e-01,4.994898084159081764e-01,4.998441165404525210e-01,4.990489681319333348e-01,4.999875494353068772e-01,4.994510214836888617e-01,4.999864978493111511e-01,4.997256150060547242e-01,4.969609951815276427e-01,4.961256231717835474e-01
4.967490422271909623e-01,4.994595065421120195e-01,4.995614233632200696e-01,4.999631477788973877e-01,4.997457960735949278e-01,4.987506005231049366e-01,4.992962969067106793e-01,4.890673495561108641e-01,4.754500321647017747e-01,4.999514136034882150e-01,4.991364818841947937e-01,4.916142887561817387e-01,4.998927745741380546e-01,4.950319161580707950e-01,4.685005905210860577e-01,4.999230748526127810e-01,4.999156301812558989e-01,4.999675426525673205e-01,4.993372723018226211e-01,4.772114060578859229e-01,4.002590631959799805e-01,4.999769357516355428e-01,1.852145577771668883e-01,4.997493626718189086e-01,4.979330081836100819e-01,4.720963368396731696e-01,4.763546371594907236e-01,4.471499995311717934e-01,4.874422986907708255e-01,1.857374636947236590e-01,4.581917804920215831e-01,2.118305596202860741e-01,4.990635946195443040e-01,4.999292259132481764e-01,4.887442822934252029e-01,4.762549697641532132e-01,4.988010372763374556e-01,4.956235588975821948e-01,4.023274127307299164e-01,4.997176211060862516e-01,4.997505628600649730e-01,4.736381559137838870e-01,2.206498509843500266e-01,2.169450247949003541e-01,4.778752012629989832e-01,4.950218282542473425e-01,4.889458367101143788e-01,4.466420553913443836e-01,4.949340032584297888e-01,4.968025747958006444e-01
4.677000912042961756e-01,4.866406752528590896e-01,4.825584736059353452e-01,4.758346231889177824e-01,4.830500320882974985e-01,4.664294235688532519e-01,4.971470398548289427e-01,4.956453780079227989e-01,4.594742112161004366e-01,4.848689402387975633e-01,4.795856033276795216e-01,4.972248897014034386e-01,4.814028052374028643e-01,4.951577559040735155e-01,4.703236917659478489e-01,4.966499768123818215e-01,4.477419237175750411e-01,4.951060798680237962e-01,4.899812377379545447e-01,4.944716324200337798e-01,1.177825221258222560e-02,4.958341764363969895e-01,4.748311033653870306e-01,4.910740444146751149e-01,4.735563386657430374e-01,4.847637030909144884e-01,4.568659892824140090e-01,-7.242143609717165142e-02,4.890688849498828761e-01,4.803857891327391605e-01,4.792267424223677907e-01,3.645957982537265663e-01,4.568319990654117202e-01,4.988430618744277290e-01,4.910184574864389084e-01,4.947995831168409131e-01,4.924973283424842752e-01,4.910508576294287941e-01,3.523409560061422918e-01,4.477686598608395241e-01,4.904497982392229116e-01,4.943120478118886996e-01,4.811098482425365530e-01,4.451484865125643897e-01,4.963755809235033678e-01,4.960124047269050540e-01,4.795883281346670635e-01,-7.105508579594832508e-02,4.707556212137395391e-01,4.404294054556501248e-01
4.116771952991363781e-01,3.606411204816512006e-01,3.208751285295312061e-01,4.746149833330553514e-01,3.878948720092179614e-01,4.061765764598141981e-01,4.684209715860666590e-01,4.959467891542750917e-01,4.916796043999872579e-01,4.654690439572340410e-01,2.874999226103945316e-01,4.741878169588751302e-01,4.427946304497579200e-01,3.158233255270253559e-01,4.709415241934233887e-01,4.799258707575121963e-01,4.763456727996385198e-01,4.895453046329848457e-01,2.792571325435201368e-01,4.802015323549083115e-01,3.138882188908815873e-01,4.622101307360873546e-01,4.206911199481717656e-01,4.623771055301510446e-01,4.633646365389701982e-01,4.624620752265819479e-01,4.605795927992434313e-01,4.241510750728262336e-01,4.299665066364468657e-01,4.244315803415767974e-01,4.593657592420515301e-01,4.172172299252105976e-01,4.863052300527622718e-01,4.693711956584417089e-01,4.925779163917642367e-01,4.794030680195387473e-01,4.191093358369492039e-01,4.872005117620359926e-01,4.528315443722190081e-01,4.721562595009792251e-01,4.264161267006977285e-01,3.819764249037664872e-01,4.533121436796495596e-01,3.412425386948556016e-01,3.497937343722665737e-01,4.668205842153329566e-01,4.025376039763929326e-01,4.287626302063104466e-01,4.847523977325312594e-01,3.458141712742765495e-01
4.931665783443622830e-01,4.866580375837293304e-01,4.810325892001067194e-01,4.952947043492054724e-01,4.972218394412949993e-01,4.962031314213153355e-01,2.695871996772504220e-01,4.986928717603613115e-01,4.985407284531432892e-01,4.728876866832943948e-01,4.257773321866938354e-01,4.963449806394700237e-01,4.956749312951595487e-01,3.388956720757734797e-01,4.976539485550283137e-01,2.706776522739415269e-01,4.980676115584987684e-01,4.990828326147753180e-01,4.251586625668805630e-01,4.962924533711547959e-01,2.883316611655795114e-01,4.977210651892521320e-01,4.944062086278397938e-01,4.975404645105314660e-01,4.923172770337642112e-01,4.982103982559956123e-01,4.964119992819308047e-01,3.797960520999555389e-01,4.895685594973045451e-01,4.952435406911233629e-01,4.954548039016566374e-01,4.726100415261480503e-01,4.974604973280623565e-01,4.979811125737133026e-01,4.957589563884226558e-01,4.861309680700031111e-01,3.564897860863319168e-01,4.982269608860957488e-01,2.670119258731659673e-01,4.844369608861074927e-01,4.854528999570205117e-01,4.240131342974626238e-01,4.922711229882867912e-01,4.849052152670603744e-01,4.849446239381838275e-01,4.955509368947241811e-01,4.887752689874190759e-01,3.775759910384000606e-01,4.979942208845649643e-01,2.574777814351564276e-01
6.462240969327012925e-03,4.935591560021190261e-01,4.990349980742848635e-01,4.990616344726035436e-01,4.915157690299153392e-01,4.975533239493203364e-01,4.690977030122854829e-01,4.988327256129124754e-01,4.892886909238880477e-01,4.993310411824671835e-01,4.807899612918999921e-01,4.683410633231980258e-01,4.966165676258866846e-01,4.557385928168389833e-01,5.612738689759210614e-03,4.930396499754170492e-01,4.984009242152818708e-01,4.992448352606743134e-01,4.813887807059604174e-01,4.709495722454339339e-01,4.901539264769322890e-01,4.989719377256686683e-01,4.276327680843516887e-01,4.302542414498254919e-01,4.928814991904869602e-01,4.948018469920429374e-01,4.984479084283328643e-01,4.971390183665980733e-01,4.924297210749569165e-01,4.961794798675427387e-01,4.922624304125656214e-01,4.660698548358043758e-01,4.983924262387532944e-01,4.987716856326894210e-01,4.970380378994078141e-01,4.961135171379483788e-01,4.937236204206613133e-01,4.983696096714160251e-01,6.808341086570151093e-03,4.263077732847200818e-01,4.895166967390378598e-01,4.973588016511253374e-01,4.958840775080686214e-01,4.863923318495324000e-01,4.981441842397719699e-01,4.727541542243863248e-01,4.949757130821805795e-01,4.866270424331827216e-01,6.672487786103977435e-03,6.885821009569387252e-03
3.932523878680468377e-01,4.950262598345757659e-01,4.900154244730755004e-01,4.978742515432056925e-01,4.959816234513674815e-01,4.968870196157331165e-01,4.915005854880649117e-01,4.989147238478214286e-01,4.859970643548119917e-01,4.990921469420587786e-01,4.606795827054330217e-01,4.922443349580633565e-01,4.989519938772401519e-01,4.491345369205311244e-01,3.858269820822869400e-01,4.974696445500014219e-01,4.990040479278639030e-01,4.989143816515873575e-01,4.601131661863362421e-01,4.881176927528337317e-01,3.694417122330719283e-01,4.989689686571595062e-01,4.811262193238694529e-01,4.983725492487569020e-01,4.966712858051173796e-01,4.798732479558421860e-01,4.973516847992348611e-01,4.333561881705822461e-01,4.962998461723609478e-01,4.919600823608676343e-01,4.731460777948318652e-01,4.635830116961933145e-01,4.866170032243899990e-01,4.990100080793583026e-01,4.981274987942621579e-01,4.876084925211612298e-01,4.840277054396215362e-01,4.925065913649429028e-01,3.773008978255930623e-01,4.942732744527033040e-01,4.958819988829480940e-01,4.907858845962760341e-01,4.958747414812398335e-01,4.792722278412942516e-01,4.977887010592313421e-01,4.870751241698752509e-01,4.966022137028165417e-01,4.307425016936178297e-01,3.925310423379407831e-01,3.682828046673041755e-01
4.004498629844073787e-01,4.947364559864111389e-01,4.751398537583121917e-01,4.930563721299608404e-01,1.415534095769536704e-01,4.959888258243304593e-01,4.857612972140399887e-01,4.986203176670872539e-01,4.954918063275019491e-01,4.989605501384108965e-01,4.432460452269049722e-01,4.804945834512105440e-01,4.988716973261496102e-01,4.330775339140877644e-01,1.082179473441837875e-01,4.989491090399784667e-01,4.985064293266071589e-01,4.982293714761474868e-01,4.416179502622479824e-01,4.762335140131522260e-01,4.008404532433531009e-01,4.984180970370057362e-01,4.537774831310502632e-01,4.949004115879758192e-01,4.940641574675673775e-01,4.944874541988285022e-01,4.709841081542591734e-01,4.512755524435950183e-01,4.955295489596319713e-01,4.554414441650804224e-01,3.187839004226098449e-01,4.741237439471861492e-01,4.955162961373023034e-01,4.984802154156767751e-01,4.983396659019047048e-01,4.962540458886576245e-01,4.961839582809187132e-01,4.995191720129139590e-01,2.318800961333546129e-01,4.886136300847775393e-01,4.975777099265844550e-01,4.955665681597029026e-01,4.856220777433509772e-01,3.462989142394205522e-01,4.963951817584142945e-01,4.853225027488336507e-01,4.954517192741017539e-01,4.513371740280413547e-01,3.980497060270792309e-01,3.939865844676845863e-01
3.965492341322514602e-01,4.868347322372573727e-01,4.637078208248372468e-01,4.106807403110426802e-01,4.898322898749978282e-01,4.176406356841661505e-01,4.870663965571898069e-01,4.980476033791154666e-01,4.956765042527493392e-01,4.956723749188363670e-01,3.983533531944239980e-01,4.874488627361867055e-01,4.738196786137895411e-01,3.998342363323208470e-01,4.072930714599262703e-01,4.943737641681913431e-01,4.800578809486584220e-01,4.943632208484180501e-01,4.012808999145500155e-01,4.698952744656882952e-01,3.253798483315707979e-01,4.804781325898687117e-01,4.874606457582564834e-01,4.886466171671983716e-01,4.602704078345323802e-01,4.955556962264260346e-01,4.448492916984649326e-01,4.112107809261720259e-01,4.960824284256354910e-01,4.906489204745990151e-01,4.965317564096303760e-01,2.921054807343546611e-01,4.351305937948208302e-01,4.928101567350167689e-01,4.927239709398095746e-01,4.978761019390715581e-01,4.928134991263035114e-01,4.909563501000113184e-01,2.373936581347117214e-01,4.618971282619223628e-01,4.879293967285037170e-01,4.955576656739562047e-01,4.870560963394467979e-01,4.002713265583455748e-01,4.968392536650610425e-01,4.856193382982810780e-01,4.389121757931676582e-01,4.099621355461345873e-01,3.605561369625662205e-01,3.920245623981615246e-01
2.817612569481321994e-01,4.246104890682358413e-01,4.505546810309036254e-01,4.538143074472923977e-01,3.062548932934932577e-01,4.482132641858492805e-01,4.596290994385929252e-01,4.771646192166399958e-01,4.816049366326346504e-01,4.557429005664150323e-01,4.412348771651455892e-01,4.714316395810888016e-01,4.461242540837327963e-01,4.503817540547801479e-01,3.090388380497314791e-01,4.629349289864780892e-01,4.261249525541786487e-01,4.536171785664334100e-01,4.458251036161108849e-01,2.229826066154663999e-01,1.205600134786549843e-01,4.584321549782523486e-01,3.640075221010331541e-01,4.673821638373991672e-01,3.050971790317865695e-01,4.364699470986469487e-01,4.644812150710308507e-01,4.112283193733475284e-01,4.592292278728311028e-01,3.580099480861590466e-01,4.319484168520124623e-01,4.266066535236638368e-01,4.287695099279320576e-01,4.540288434013269314e-01,4.298182743264361005e-01,4.687750346863241435e-01,3.072491738340242251e-01,4.310702968437253868e-01,1.954174831349429209e-01,2.134209147945679563e-01,2.951809627690071269e-01,3.170801629924615561e-01,4.450241642118984986e-01,4.378413892893041615e-01,2.745023440265680903e-01,4.296751854521546621e-01,4.578457186474597096e-01,2.874171878970654403e-01,3.126089260398250413e-01,2.062381876933295222e-01
4.632736616703295174e-01,4.942015174258362897e-01,4.990256230178271579e-01,4.902414122474379465e-01,4.992300554423659276e-01,4.980406290082353138e-01,4.540578686091753524e-01,4.995313055745529973e-01,4.990408374746040376e-01,4.870756748650197920e-01,4.308351849641620657e-01,4.741409600746323005e-01,4.995048402255797826e-01,4.354707621374699356e-01,4.807869865590482239e-01,4.757361376444221301e-01,4.997323168633137080e-01,4.998757511551982780e-01,4.307926598155981668e-01,4.727707673194464499e-01,4.429399713831762564e-01,4.948691723227713890e-01,4.979254872873358218e-01,4.978262421282044770e-01,4.932729734547984801e-01,4.993718789899359578e-01,4.993854403347378068e-01,4.744226412868655096e-01,4.993879507511792548e-01,4.995628187176687773e-01,4.972218169212308525e-01,4.981061758248416793e-01,4.996379990104497515e-01,4.940019697247164387e-01,4.800702631338315540e-01,4.989587412972490976e-01,4.893729594560548013e-01,4.998422202498369327e-01,4.494353278284023978e-01,4.942635172449501568e-01,4.993995820517460049e-01,4.442669668487242429e-01,4.801601967181756692e-01,4.967750935214389485e-01,4.985145184113119465e-01,4.758107673990891184e-01,4.996702854825510465e-01,4.716354481439449242e-01,4.771467357819582644e-01,4.769738289585457314e-01
2.166935490020077681e-01,4.998387504726494179e-01,4.999317280634997251e-01,4.999820866709695499e-01,4.998463446668444110e-01,4.973538147542180821e-01,1.187106004194523334e-01,4.999838055088544619e-01,4.885697123291777855e-01,4.999721799778769626e-01,4.996964625784859892e-01,1.155813406031329094e-01,4.993162614353680584e-01,1.186137143500892027e-01,2.038438737371681408e-01,4.971693622995858042e-01,4.999963359837023558e-01,4.999978799233226190e-01,4.996841572315295910e-01,1.185663963541734450e-01,4.854388555779188263e-01,4.999864052042050089e-01,4.705246926790849216e-01,4.682916469432244488e-01,4.942354320795038780e-01,4.991326913972946588e-01,4.999515822210424676e-01,4.928412985500574828e-01,4.992809441485355770e-01,4.998981001509344990e-01,4.982201911684367990e-01,4.856246305396834662e-01,4.999149317992124808e-01,4.974149652060259608e-01,4.999454630317661796e-01,4.994181382948187919e-01,4.992122709413241988e-01,4.996575682038041921e-01,5.120254876932396615e-02,4.676180358591450759e-01,4.993179125683178121e-01,4.984949183699755593e-01,4.999339983492081529e-01,4.824508116522534529e-01,4.998763097787771170e-01,1.185233626945398633e-01,4.999795160877748557e-01,4.866753729050735666e-01,2.167127273328642301e-01,2.158362314529368442e-01
4.999922704902371451e-01,4.999095232615832218e-01,4.999945157177768107e-01,4.999990341173599639e-01,4.999984336233416204e-01,4.999761491321974005e-01,4.999991041246723000e-01,4.999997905157546052e-01,4.999887103893204121e-01,4.999982660345910213e-01,4.999992249162342195e-01,4.999987181369417999e-01,4.999976973230440547e-01,4.999742750129177460e-01,4.999505741669691417e-01,4.999991171342925700e-01,4.999991599392006880e-01,4.999998668599339724e-01,4.999936244892796977e-01,4.999966402627234463e-01,4.999963959353279086e-01,4.999994844443801378e-01,4.999379363579254387e-01,4.999950092517792544e-01,4.999991542520922372e-01,4.999623377930756396e-01,4.999953641072300004e-01,4.999986110237285564e-01,4.999972037652417045e-01,4.999991772106994747e-01,4.998254603576953725e-01,4.998540624926043896e-01,4.999862368971317306e-01,4.999868823561611775e-01,4.999997197242425639e-01,4.999902991334569946e-01,4.999825406674327510e-01,4.999159370844574735e-01,4.957634076628303355e-01,4.999987875390089487e-01,4.999987872094944219e-01,4.996950481289065826e-01,4.999931290552755980e-01,4.991803066250640186e-01,4.999984173435179091e-01,4.999745369121776917e-01,4.999995833483830698e-01,4.999812726674984775e-01,4.998879402239440606e-01,4.962930008723368536e-01
4.933958341473679843e-01,4.995305140049580150e-01,4.972734684140697192e-01,4.999002674824830628e-01,4.865385864522976944e-01,4.971239724419828643e-01,4.990651681284580810e-01,4.993834732541622135e-01,4.915656484037660978e-01,4.999876687119392815e-01,4.997177136306837908e-01,4.986293131783731680e-01,4.999689731115560809e-01,4.953738027562512580e-01,4.517916233764027178e-01,4.999683737255575244e-01,4.999593369877423088e-01,4.999828243720512155e-01,4.998591460018717569e-01,4.988903578091746227e-01,4.999153548155403914e-01,4.999624682334871673e-01,4.983921877761876562e-01,4.998970922246619986e-01,4.984530048402440738e-01,4.905373627315491869e-01,4.763156205432493295e-01,4.999694830325003836e-01,4.976945930153827691e-01,4.994505927478248286e-01,4.929443909937407109e-01,4.938646766292421053e-01,4.991624442841859910e-01,4.999610715480610756e-01,4.992933823061994625e-01,4.943044797739972740e-01,4.990321425795690158e-01,4.962090275479913437e-01,4.879314236877457245e-01,4.998953974000163170e-01,4.997192269933555253e-01,4.960094625839202021e-01,4.994797707175283596e-01,4.853843154210581989e-01,4.997965949323143753e-01,4.954017215821520104e-01,4.991013575397384439e-01,4.998106665071376797e-01,4.918825550205443986e-01,4.838561103886982462e-01
4.914935468326936951e-01,4.787299603863535702e-01,4.665123313109481584e-01,3.656714592474019643e-01,4.889969508655004904e-01,3.998772395849032879e-01,4.997197237805729997e-01,4.981840270114140656e-01,4.948658934059400605e-01,4.995769406648818967e-01,4.452948513547615450e-01,4.993530191898989945e-01,4.879578634870158638e-01,4.882582023445812269e-01,4.633315028454009221e-01,4.974627311189354084e-01,4.989551826725681094e-01,4.991902075374606285e-01,4.877587606170816770e-01,4.982736019532594818e-01,4.675147001771882138e-01,4.652960457139339034e-01,4.879645629748685653e-01,4.980784137160252367e-01,4.872720363922344866e-01,4.969224634460369106e-01,4.792274263103392662e-01,4.949260365349590352e-01,4.792364687774899878e-01,4.887587140913090544e-01,4.763072515804885332e-01,3.142198024445738147e-01,4.048877259645961568e-01,4.959660805751026080e-01,4.911156473747331774e-01,4.996530352202812608e-01,4.977535516798566317e-01,4.965109382683657868e-01,3.852551144515784509e-01,4.985549592139185138e-01,4.803729089045628564e-01,4.974658078961451957e-01,4.892353682339035670e-01,4.402791843305228769e-01,4.983947908533896687e-01,4.971593173231326768e-01,3.909649018276627475e-01,4.745091473308762353e-01,3.859324798964844927e-01,4.004914966647188379e-01
3.815386220188154431e-01,3.542123175752058262e-01,8.658301371964748083e-02,4.164246147453504743e-01,3.670255277330125021e-01,4.405775192540233309e-01,4.708399021328888434e-01,4.537277245498714806e-01,4.634662950717334806e-01,4.472129976700301990e-01,3.503419708304856828e-01,4.634377333550134814e-01,4.273133015484685826e-01,3.531403608485438883e-01,4.103763510731725517e-01,4.567994479371732530e-01,3.836152727641736204e-01,4.294179469675384331e-01,3.450864838028624426e-01,-1.770277553668572479e-01,-2.105385623168303313e-02,4.054707961850871345e-01,4.002518316874360549e-01,4.531710752012324539e-01,1.474592834669188612e-01,2.941964684483834302e-01,4.438419073455089903e-01,-1.845858280864757783e-01,4.229561196023881031e-01,4.110284757053080940e-01,3.767364920692189978e-01,2.689982905902824073e-01,3.810872521550308645e-01,4.389486362564833377e-01,3.862728999145901287e-01,4.494798259671812790e-01,3.286850229224479447e-01,3.890507307552513727e-01,1.365304072334105612e-01,-1.747885666417973716e-01,1.331686929510797757e-01,4.268378886448260801e-01,4.081100315110542387e-01,4.076791297520804269e-01,4.306395079966858774e-01,4.372615681207073224e-01,4.283061884725817281e-01,-7.287401004185957432e-02,4.283789396458601573e-01,2.931016375062276968e-01
4.875049331961056609e-01,4.721496706182387593e-01,4.790625946314693850e-01,4.704866880308260502e-01,4.899286394120425103e-01,4.941414386808259396e-01,4.924639570047383841e-01,4.935419966752018217e-01,4.951447999680792522e-01,4.917522994562753547e-01,4.293747531335756484e-01,4.873432018450675196e-01,4.942294907166995821e-01,4.157723601795106361e-01,4.859348830229043847e-01,4.917853223463465318e-01,4.939383466518088572e-01,4.985866330166054405e-01,4.255777583690586452e-01,4.859770478873779997e-01,4.416766753074384266e-01,4.831558778437878843e-01,4.923611909443830204e-01,4.965345146825195788e-01,4.774409049214098366e-01,4.931988830257210132e-01,4.903100281437627328e-01,4.796479302943680301e-01,4.925942746499131220e-01,4.931721458595454410e-01,4.848050681875112344e-01,4.051014952644336753e-01,4.962394127301422708e-01,4.808038353471617010e-01,4.948090925532596662e-01,4.940467389337491744e-01,4.932127618954971759e-01,4.970067045724155252e-01,4.765613131872772912e-01,4.733838049558505845e-01,4.737912206883793664e-01,4.570060692321644136e-01,4.889249630031797245e-01,4.893137305426363270e-01,4.967467049532042211e-01,4.975600803190621257e-01,4.911793189395686765e-01,4.769826146148785639e-01,4.804167828436297083e-01,3.990925040865159756e-01
-8.968388075112521118e-02,4.781819368034140316e-01,4.987394211532933386e-01,4.977089780383007200e-01,4.976091777135062122e-01,4.933315648382262664e-01,4.072669724240022271e-01,4.994857703900251189e-01,4.419996549574030653e-01,4.982978966810684973e-01,4.381793180201369875e-01,3.625048291735786798e-01,4.968134511567027789e-01,3.568544322649542244e-01,-8.915275188319249366e-02,4.968442132130186928e-01,4.982348225953497911e-01,4.991281556501206973e-01,4.384255617840006614e-01,3.977357368760374157e-01,4.197270075747161489e-01,4.984487978155823784e-01,4.945663125915587544e-01,4.965930365898524879e-01,4.893221895168807234e-01,4.918723885657155237e-01,4.982542731818841997e-01,4.637727297757163192e-01,4.784581044999149380e-01,4.957705548654936512e-01,4.689389944100355589e-01,3.870990153242153120e-01,4.975745717078180475e-01,4.964840615633233090e-01,4.822519335924277395e-01,4.954908056525786919e-01,4.936182718918016299e-01,4.966607104980313991e-01,-7.130304954773789006e-02,4.845921158017528207e-01,4.908698044710961828e-01,4.776359362698420208e-01,4.954941368917624156e-01,4.751260041889082686e-01,4.824910973795863978e-01,4.044292768490441170e-01,4.966583395082922459e-01,4.542114890533752725e-01,-8.662702024604042317e-02,-7.351267890469287414e-02
4.925929844192822871e-01,4.969726264988950093e-01,4.873526701666727190e-01,4.987640573114482945e-01,4.911767655547562006e-01,4.961114083331583102e-01,4.951315462385444399e-01,4.992601388769011272e-01,4.936795267141786403e-01,4.994071921183112495e-01,4.485694222277907817e-01,4.942023917687738965e-01,4.981444564038949308e-01,4.431463363782324194e-01,4.781972310629896139e-01,4.976293886734416971e-01,4.993899496227500179e-01,4.987478500194710840e-01,4.488760222106866760e-01,4.853387528328415024e-01,1.893543238101188519e-01,4.990337091896943078e-01,4.894009856189915353e-01,4.968844462960576025e-01,4.967602791494863945e-01,4.914980128150247540e-01,4.981455511772177047e-01,3.094343369226897900e-01,4.968744138016933376e-01,4.939097199768708313e-01,4.914733205050626497e-01,4.409112132564623754e-01,4.952329482552142448e-01,4.986432219416808698e-01,4.987603465840184658e-01,4.975217613761617197e-01,4.930459816118462624e-01,4.946048263377252896e-01,4.829987569979935502e-01,4.865986818543617254e-01,4.966541897184600374e-01,4.921463190912204744e-01,4.942839686263886256e-01,4.781706324505204386e-01,4.973482855582812001e-01,4.911369088979422592e-01,4.979281201105918431e-01,3.104732330583619970e-01,4.926790719381569095e-01,4.364760665574210496e-01
3.462448397837820657e-01,4.949552448417773864e-01,4.781381883270923172e-01,4.960868612512474018e-01,4.827569284568121177e-01,4.978619296501431424e-01,4.913149322808156305e-01,4.957053530482031789e-01,4.976785149579428524e-01,4.993075860500684193e-01,4.577850838485456597e-01,4.931992029962965485e-01,4.984404492779288542e-01,4.537339522831460581e-01,3.227011983966421860e-01,4.962499662517730337e-01,4.990394910479745705e-01,4.978511786228434488e-01,4.570953767810614354e-01,4.828811770452918761e-01,1.305106544112597800e-01,4.991098565598805492e-01,4.897789344217552965e-01,4.967453547419727888e-01,4.941896668687386085e-01,4.983441423828599559e-01,4.774445463458139582e-01,2.574419090979304103e-01,4.932378794257532006e-01,4.898351636045690793e-01,4.953014912343366438e-01,4.573589919771691159e-01,4.963437323083473296e-01,4.983121213586512166e-01,4.944889975119738379e-01,4.990271972942360024e-01,4.953182746685643179e-01,4.992395083767089403e-01,3.337981547285173711e-01,4.878568389076455847e-01,4.974218576852462714e-01,4.969066521297935690e-01,4.964837138162325192e-01,4.718209179541755782e-01,4.970379697731283075e-01,4.933617261738242332e-01,4.942782779185648234e-01,2.576598266348216759e-01,3.451104846009852012e-01,3.195403767340244672e-01
3.989904007326351421e-01,4.883796701741834334e-01,4.662983229072046876e-01,4.071136872990964162e-01,4.969876617050640322e-01,4.434194124618138777e-01,4.878652180969155205e-01,4.988251235375836257e-01,4.969634965524851178e-01,4.975086441712733842e-01,4.102278935991181541e-01,4.880925781652954432e-01,4.944326503844200804e-01,4.642830039549910581e-01,3.610511443671741705e-01,4.965457741940007552e-01,4.912148097913759393e-01,4.904544288387918671e-01,4.685376980021512261e-01,4.381034856223591789e-01,4.636812082178468075e-01,4.743675050631592227e-01,4.817266843483514194e-01,4.918986961347786013e-01,4.856950233809523843e-01,4.915331836606051663e-01,4.918597669426653107e-01,4.982690210104170347e-01,4.951524536009654920e-01,4.837946385681218819e-01,4.458302336643167885e-01,4.000749392565740581e-01,4.365610503518583263e-01,4.871319295966422547e-01,4.930143869736040019e-01,4.985199736549409955e-01,4.952430576816513885e-01,4.978377399650969481e-01,3.747317172636309701e-01,4.797481512203330412e-01,4.883304707348494200e-01,4.587754379686537209e-01,4.819561983381811521e-01,3.297669695381933996e-01,4.596848910990319892e-01,4.877383263034636984e-01,4.431039138420267975e-01,4.422471956536477289e-01,3.235159409010761600e-01,3.793763262468649033e-01
2.872780557486124819e-01,4.275924853792967273e-01,-4.715084418283755352e-01,4.617872456629349420e-01,4.480254428904384412e-01,4.640460008899275346e-01,4.814665365655594886e-01,4.690067671516208736e-01,4.730739347729738808e-01,4.619239312927279073e-01,2.888007595564560659e-01,4.711241178603486346e-01,4.513861427434701090e-01,2.838841178124157372e-01,2.682975819490266978e-01,4.760755218879625938e-01,4.559814250295255444e-01,4.663916158383085708e-01,2.898301692590417034e-01,-1.619384921645270203e-01,-9.375799344651533640e-02,4.314672115655335261e-01,-7.598497726018574316e-02,4.723178353412978425e-01,3.906364773646104904e-01,3.672722009158165268e-01,4.845478686440441995e-01,3.862149544200313978e-01,4.385827322195477995e-01,-8.304856043845854074e-02,4.505917560434332669e-01,1.970458413791477403e-02,4.654947444340349350e-01,4.611547286629184006e-01,4.613862627021940166e-01,4.496989593777228622e-01,4.283374756287482432e-01,4.590502571364485918e-01,2.338327972644368702e-01,-1.598754340144675490e-01,3.349033112398395184e-01,4.698955687069495957e-01,-7.925912769185902707e-02,-8.076812972921562639e-02,4.679179195874471064e-01,4.733890627456713296e-01,4.632144941363695034e-01,3.291817185807066060e-01,2.820883987889316047e-01,-4.860783238699204617e-02
3.710090649208199198e-01,4.896645378021343697e-01,4.968519761340624008e-01,4.989684669954227436e-01,4.963787437720687534e-01,4.944033109835575535e-01,4.880162627736052694e-01,4.982656704894696809e-01,4.974734090020447863e-01,4.981119121246745385e-01,4.976478668726210253e-01,4.903296552074308257e-01,4.950915255609200649e-01,4.889265219345297897e-01,3.724276167700576456e-01,4.893237470393394517e-01,4.917090200262438926e-01,4.997497093879817442e-01,4.941282182252447752e-01,4.942651491853489176e-01,4.758054163335698750e-01,4.945117446948872342e-01,4.967172029865211114e-01,4.917626429557487300e-01,4.965161565175181257e-01,4.972135960442426450e-01,4.976837412188454546e-01,4.909386903372240929e-01,4.984321563330135207e-01,4.945000335387131907e-01,4.952034675867080793e-01,4.166060338673631125e-01,4.997492483007099917e-01,4.967394371308468948e-01,4.981135104771282074e-01,4.921287597515779932e-01,4.944865159668425103e-01,4.989108719960168581e-01,3.649749692154121150e-01,4.791364307316174354e-01,4.805479218905202576e-01,4.696975371959580259e-01,4.925257199394826868e-01,4.834904029606317821e-01,4.969360000028968383e-01,4.959454366884497589e-01,4.992844063314190728e-01,4.968409998930251037e-01,3.729589728917168667e-01,3.042297557514560546e-01
4.228929115340017697e-01,4.963885752718147915e-01,4.996304328200890099e-01,4.999639642541315321e-01,4.999502462043896589e-01,4.903153299230761375e-01,4.405539644196154736e-01,4.999717032394215277e-01,4.963091436499755815e-01,4.997462160464172798e-01,4.996689509202927315e-01,4.352797231079263973e-01,4.605097168170805833e-01,4.416214885033764026e-01,4.201167405723279513e-01,4.855296611210360158e-01,4.999786959455709279e-01,4.999914709198164386e-01,4.996645622780245266e-01,4.109576438981873969e-01,4.860295262922258996e-01,4.999603674391638330e-01,4.973709913309295461e-01,4.889539714315209729e-01,4.446899108416453306e-01,4.986517823040228503e-01,4.992758475920852090e-01,4.956762813715014371e-01,4.578901095981339209e-01,4.999683823044184794e-01,4.587550610384063532e-01,4.864758147466939353e-01,4.998207066120832209e-01,4.911684453222829871e-01,4.970395736637369666e-01,4.994194723597416563e-01,4.572354993845955673e-01,4.988875110842759808e-01,3.711111013717258156e-01,4.500730916773708623e-01,4.605190510182934904e-01,4.952472187278832427e-01,4.980999649761580494e-01,4.380267585975818334e-01,4.967563040836378563e-01,4.096759772141116973e-01,4.999134305394811739e-01,4.835300460919709775e-01,4.206626723097208198e-01,3.517372584725420581e-01
4.994950916137332886e-01,4.999835619377374085e-01,4.998380029696057325e-01,4.999973976637770434e-01,4.999823809997417379e-01,4.997204321347613609e-01,4.995766031567034915e-01,4.999948633904432449e-01,4.999219937351188636e-01,4.999958100154878182e-01,4.999939811534372947e-01,4.995368379399740544e-01,4.999924985096801389e-01,4.992967649154671506e-01,4.990050339696224802e-01,4.999909135397314075e-01,4.999990773035862812e-01,4.999996150194981337e-01,4.999915586752715635e-01,4.994732263671585182e-01,4.950783221847818161e-01,4.999986726476585708e-01,4.996739324337356458e-01,4.997270531001166138e-01,4.999841584175417353e-01,4.997098233760834951e-01,4.999902991548008102e-01,4.975196267506794001e-01,4.999681093683103761e-01,4.999894258840139050e-01,4.992571824382445733e-01,4.991056873384028814e-01,4.998663665249891142e-01,4.998152076388386877e-01,4.999946954008612221e-01,4.999960055289651706e-01,4.999454865650411195e-01,4.995972227596444104e-01,4.984036943000096365e-01,4.997214281794203350e-01,4.999877361607520387e-01,4.996858816210174581e-01,4.979920043414690634e-01,4.740108440902012221e-01,4.999980899237994603e-01,4.992952884250836942e-01,4.999895386879708026e-01,4.974775449585623344e-01,4.995864272068952228e-01,4.994287826667602737e-01
4.989425393138463560e-01,4.962415254428460543e-01,4.991577933961806601e-01,4.999197424887524832e-01,4.999245410422368807e-01,4.985234600004436190e-01,4.999246806360241324e-01,4.996996842735166866e-01,4.868989258782611129e-01,4.999921552648848300e-01,4.996690421681039274e-01,4.997726235376123149e-01,4.999716936327986416e-01,4.993274877924571697e-01,4.936865840652159831e-01,4.999683059067341895e-01,4.999716258722549100e-01,4.999940848885345845e-01,4.992026293565510198e-01,4.998867823303388969e-01,4.947339749425949118e-01,4.999783722551074949e-01,4.339530955249328859e-01,4.999911886674281436e-01,4.997488399575577001e-01,4.872599212862992468e-01,4.958307416336000251e-01,4.973693454543983150e-01,4.991137743425673734e-01,4.976754891647541812e-01,4.317645431964065028e-01,4.988909212654588088e-01,4.359224203735042602e-01,4.997631606827780404e-01,4.996832691201453791e-01,4.877238324508050837e-01,4.329921375160256658e-01,4.959931165178032009e-01,4.960372815824506398e-01,4.999301288699915524e-01,4.996477915756302179e-01,4.996248556154567200e-01,4.977779297602439867e-01,4.850601154063075571e-01,4.999871973651040524e-01,4.995972349754047581e-01,4.993361698564270923e-01,4.973143658861092775e-01,4.987283662591350253e-01,4.988795525811830500e-01
4.934605482957143407e-01,3.845778159723230449e-01,4.953449924122524384e-01,4.927182722188502839e-01,6.642357327645716236e-02,4.961877999261907202e-01,4.971468185177796983e-01,4.998968295260419747e-01,4.941462613465645304e-01,4.999533482945260898e-01,4.164850142787766551e-01,4.967677179098875517e-01,4.986438549935158226e-01,4.804744821410213973e-01,5.889088369913558774e-02,4.988135341751953056e-01,4.894500805592559844e-01,4.997665978923036545e-01,4.819465532022383925e-01,4.940076303782741651e-01,4.940861929360722549e-01,4.972542593853616077e-01,4.936710791300143453e-01,4.993723546766096200e-01,4.986126102750754741e-01,4.801087141080244147e-01,4.978694695992096353e-01,4.994883917060300993e-01,3.846673511890914554e-01,4.958225076032735101e-01,4.367650107095993883e-01,4.940928117907170680e-01,4.947710636078845869e-01,4.988763343274040252e-01,4.986387280106673869e-01,4.951978958168520850e-01,4.973083896832591333e-01,4.991203830004662390e-01,4.885434411587905035e-01,4.965206096057362406e-01,3.842269131054464326e-01,4.983870097962407875e-01,4.967416260401414929e-01,4.415988281737184273e-01,4.985923484886867207e-01,4.979924995125472043e-01,3.830819353141440842e-01,4.425459020738055083e-01,4.383639235181023830e-01,4.977870706992127414e-01
4.415434966971747421e-01,3.862111793359865874e-01,2.939566334980081019e-01,4.113318690995945159e-01,4.145155285297790204e-01,4.798051052369222136e-01,4.940181212932571175e-01,4.827187522490710148e-01,4.585890397279401842e-01,4.847852854214170781e-01,4.599441058479966649e-01,4.478824047285904220e-01,4.674036884996604080e-01,4.601093513139222213e-01,4.097966512447130394e-01,4.596169600386099674e-01,4.790655038334692417e-01,4.651022185938888387e-01,3.792991121696244194e-01,2.479307175158236842e-01,2.289745367694370759e-01,4.789782720525357362e-01,4.325474872330559717e-01,4.130952849108970870e-01,4.158846670722185501e-01,4.530405576734999884e-01,4.118563739638198551e-01,4.205950480627286270e-01,4.425035651830567240e-01,4.260288912427904195e-01,4.808460039167486988e-01,4.517774255811470852e-01,4.615857839931852835e-01,4.768141786660223258e-01,4.886342487485791919e-01,4.686616567287563706e-01,3.999834116233342840e-01,4.789900525918294738e-01,4.685008863936592216e-01,2.462166841871074596e-01,4.152562383486220199e-01,4.598765203092881615e-01,4.577098332270705394e-01,3.841242091736241648e-01,4.781801422097516907e-01,4.915779156719769505e-01,4.701495177503228762e-01,4.561009784843396697e-01,4.691750802876834547e-01,4.574735969142214587e-01
4.561344126895031104e-01,4.756118670572345164e-01,4.735347096235282272e-01,4.898034060496045949e-01,4.877095154071239280e-01,4.555264684926437768e-01,4.957799439116394868e-01,4.972093341980393655e-01,4.956646436227376551e-01,4.962686945888869494e-01,4.051985354317670374e-01,4.851821663787266870e-01,4.904078393050106954e-01,4.052625039041263810e-01,4.594416931337501619e-01,4.975496072015116455e-01,4.942416140626640364e-01,4.976120478319051021e-01,4.006903786402722933e-01,4.759622359795162017e-01,1.677432067839158521e-03,4.911291963135483440e-01,4.627506223351248171e-01,4.867448011441786182e-01,4.812403647837232845e-01,4.899299358666820425e-01,4.913776604269912140e-01,4.521340815593153512e-02,4.907439845965083092e-01,4.591943908245289530e-01,4.894580765906977882e-01,4.526527320551515521e-01,4.945690202121955092e-01,4.960772086691593308e-01,4.952328694313788970e-01,4.789650617665136556e-01,4.940989434125796498e-01,4.909275336430679593e-01,4.483734502927272381e-01,4.799608299422617463e-01,4.768833170388774301e-01,4.897502803424038098e-01,4.309415166539666830e-01,3.512356054508712910e-01,4.945071655941781774e-01,4.944015501208953722e-01,4.904068799338635043e-01,4.465787478504912311e-02,4.599979936894036947e-01,4.595479764927931643e-01
4.956006776812544867e-01,4.969122417171030759e-01,4.981967687080136042e-01,4.973415267574086140e-01,4.899531440377627445e-01,4.875603270616921670e-01,4.228866979838582507e-01,4.987620302291302377e-01,4.985229183014338039e-01,4.989797914052018224e-01,4.622608988505677585e-01,4.907707347678681997e-01,4.967369253527498807e-01,4.408707751659949881e-01,4.873524533464675401e-01,4.164265125568349935e-01,4.982541400833469525e-01,4.989715476097941194e-01,4.624582930734256747e-01,4.874574693225312005e-01,4.058163334762873720e-01,4.983459507283454770e-01,4.881068490934541426e-01,4.910519653729957801e-01,4.784459026713249186e-01,4.959109962602367694e-01,4.985470139444633797e-01,4.576498632177083414e-01,4.954718846851738911e-01,4.896753919956032819e-01,4.916874030558466835e-01,1.423517428345633384e-01,4.963387823731122972e-01,4.902452650920385846e-01,4.972253517710216730e-01,4.962588623920362041e-01,4.700755753219189037e-01,4.963171340792368325e-01,4.128770061480036002e-01,4.774560867293528021e-01,4.926430506802284559e-01,4.929759195209840184e-01,4.880725932710911485e-01,2.443246127852057858e-01,4.941243399520354185e-01,4.946416000735491258e-01,4.970732365249824203e-01,4.448772991036856750e-01,4.961539995650454671e-01,1.160656803482062877e-01
2.818100254818131645e-01,4.976180429843281572e-01,4.861491775660886083e-01,4.983960132371616503e-01,4.934236755479327607e-01,4.966512905369098729e-01,4.514033537467804225e-01,4.994885090333280320e-01,4.952729886473571375e-01,4.993821595954565096e-01,4.788588958107410365e-01,4.515709792047418181e-01,4.989164150487930272e-01,4.335940725201937740e-01,2.675947027762955455e-01,4.959208997921732975e-01,4.992344529552660837e-01,4.986350030119222621e-01,4.789740887493494359e-01,4.487706842854184419e-01,3.929243403136505330e-01,4.988576780374266439e-01,4.733012156687937955e-01,4.784496769754805201e-01,4.977979707766152506e-01,4.954253572585373133e-01,4.983214155552624924e-01,4.469596381530642204e-01,4.982446997241875564e-01,4.948357646809629085e-01,4.949399523306504123e-01,4.017575159601519674e-01,4.963904697704866753e-01,4.977164121460404544e-01,4.989384508349379299e-01,4.971034695357383071e-01,4.935694666180900358e-01,4.975692909011487641e-01,2.544187721470244079e-01,4.729024632970341702e-01,4.983457304946475319e-01,4.965113917681823752e-01,4.955668265732073863e-01,1.682056292309436762e-01,4.971302068275863517e-01,4.532099940376275726e-01,4.979817833532262927e-01,4.458182080541360226e-01,2.822363959667595346e-01,2.262690869641510727e-01
4.920063101948109474e-01,4.960399550199125485e-01,4.803204199355767812e-01,4.969652200251384877e-01,4.959611960146003140e-01,4.979677610908968544e-01,4.986712392032573993e-01,4.997168706437534746e-01,4.900435487862470629e-01,4.992171359060715297e-01,4.957424259688408275e-01,4.966813476701076313e-01,4.981224500216435702e-01,4.968862737807568930e-01,4.879418278102951589e-01,4.990774808436077570e-01,4.990951553434864740e-01,4.976540522731465743e-01,4.943080947797853231e-01,4.954483137520809821e-01,3.902349026500782081e-01,4.991079116162165374e-01,4.897288135316215651e-01,4.969242649077947882e-01,4.948489914157706004e-01,4.912037434363774602e-01,4.949699756262121442e-01,4.439611054718060612e-01,4.984660323534040871e-01,4.903988948298868000e-01,4.848285283267442791e-01,4.385837440119072506e-01,4.963827447505509971e-01,4.975025812495280086e-01,4.990194984632346786e-01,4.917143771958665255e-01,4.963860466338061439e-01,4.977897596508308320e-01,4.833426767844328786e-01,4.957398308254343799e-01,4.967849493057356347e-01,4.973587016872297872e-01,4.919059479846805694e-01,1.535760266047626055e-01,4.984717668120892675e-01,4.978438427464702554e-01,4.992166221528487324e-01,4.410446180767069735e-01,4.924297052237455175e-01,4.398082977732366006e-01
3.816787089591976434e-01,1.224958633913060535e-01,4.915496684589737986e-01,4.900265629744481322e-01,4.345539174908201741e-01,4.931119316560378385e-01,4.913393359391903248e-01,4.990625540303013641e-01,4.930215175060537192e-01,4.982536112430522857e-01,4.298939134166496756e-01,4.919729375775859781e-01,4.975268392210644430e-01,4.713455364565569683e-01,3.161871798131837275e-01,4.967574393416601675e-01,4.864455866607771961e-01,4.636684678749189992e-01,4.725949472333420553e-01,4.912593786919887129e-01,4.479991749561663683e-01,4.982408332901269721e-01,4.979576098323326150e-01,4.943204445377107903e-01,4.846439828518397941e-01,4.834359102710669154e-01,4.896631196812277764e-01,-4.748768023735114308e-01,1.254057105788454751e-01,4.986527995527116341e-01,4.663097068253502786e-01,4.026175027363721459e-01,4.584349243977394184e-01,4.632096234886481367e-01,4.939840360781621031e-01,4.983441870192156786e-01,4.960065550819265923e-01,4.960131429363147104e-01,3.664468196227043117e-01,4.967638536353404799e-01,1.232169102141735945e-01,4.960526473235356559e-01,4.928312098403097585e-01,3.170997953257353313e-03,4.974706052039977178e-01,4.923548158354016380e-01,1.240738681308769659e-01,-4.374835490191759657e-01,3.591259537143319802e-01,3.430023008772867255e-01
3.299927670760050558e-01,2.632336676899201811e-01,4.243818061705562639e-01,2.578654068197769877e-01,3.970682934661119434e-01,4.636697103364962325e-01,4.850591223012927777e-01,4.922054629316452434e-01,4.755100029306470466e-01,4.885577133643549397e-01,3.944414342733676415e-01,4.289669298970104627e-01,4.751832714777943778e-01,3.883473138915150558e-01,3.201468034177260003e-01,4.443385068910241653e-01,4.832961556376945134e-01,4.489231594490846744e-01,1.963203994542296327e-01,4.588782451682390517e-01,4.609881995182983361e-01,4.842653435388220573e-01,4.252501529644664990e-01,2.596872806960540681e-01,2.584400439707889574e-01,4.304222849465214606e-01,2.602485570239987389e-01,4.020057996996800331e-01,4.732882818442833983e-01,3.902542714931899193e-01,4.801841950583159435e-01,4.522457123046275118e-01,4.481414891194942518e-01,4.840514751553883221e-01,4.929791588305422190e-01,4.853591744445774903e-01,3.383986252040334097e-01,4.799415889134900359e-01,3.644692354804601186e-01,4.757178174377696966e-01,4.416502849900310612e-01,4.382414165166998443e-01,4.628336994779834734e-01,1.880700778612891533e-01,4.828822736010062733e-01,4.864300930711313864e-01,4.873598106154961584e-01,4.724735113668285247e-01,3.752951203147893988e-01,3.407678422863436585e-01
1.727343614867719868e-01,4.741909848878306244e-01,4.831480399377506285e-01,4.964678697899167492e-01,4.889972095283786069e-01,3.484059373719463615e-01,4.849782242022959156e-01,4.961322027969167214e-01,4.980642646095748693e-01,4.957311971384711358e-01,4.786394969845087499e-01,4.861479130542074034e-01,4.823040508765840673e-01,4.898522737858838072e-01,1.819381151923041839e-01,4.937528291493892274e-01,4.986317471522093703e-01,4.975255719896165552e-01,4.808296445152113741e-01,4.818975089620032848e-01,4.495852261583690446e-01,4.739534861070232585e-01,4.884791800349943536e-01,4.979006130030486643e-01,4.961547929801760626e-01,4.888166131946540816e-01,4.810913417035612150e-01,4.784791966651571471e-01,4.959353598616505487e-01,4.875265678820850379e-01,4.718527140703203671e-01,4.505357836091350432e-01,4.987171682790000893e-01,4.952396087749575404e-01,4.992465762303504584e-01,4.911048385071747346e-01,4.910166796024963975e-01,4.934046294721123327e-01,1.752963237516892425e-01,4.899381832486572885e-01,4.891506208278675882e-01,4.788329793543650292e-01,4.432311822753060016e-01,4.404522398739135758e-01,4.771367364535782363e-01,4.861955261664996919e-01,4.852924253604789517e-01,4.806836348277635507e-01,1.853599866515309169e-01,1.722621663351932564e-01
4.486973960703006248e-01,4.989132481649480866e-01,4.994049582818875233e-01,4.992377313849891141e-01,4.999163031232237153e-01,4.784454275701969794e-01,3.044605891152585841e-01,4.999351043079174328e-01,4.981202561283063490e-01,4.836317384208417280e-01,4.612811438203023306e-01,4.744331222703911943e-01,4.964328225413016660e-01,3.706996559202715980e-01,4.485148151145122442e-01,2.940995216197370699e-01,4.999204158777643126e-01,4.999728391170461528e-01,4.612365200239526564e-01,4.941177752503946308e-01,4.688307892465721216e-01,4.995770987172309940e-01,4.950118686493912290e-01,4.787154594517261108e-01,4.558261560838035575e-01,4.988987620206888907e-01,4.998425426984542397e-01,4.841512357643459885e-01,4.967095630774088222e-01,4.954368132450446272e-01,4.056813377938804366e-01,4.159821031010097481e-01,4.997692177430044791e-01,4.781652985374769127e-01,4.993959033379256618e-01,4.894396317639884142e-01,3.841614578943676750e-01,4.972203914237690037e-01,2.259077488535235767e-01,4.665242430600382573e-01,4.970920059149787074e-01,4.596341106613924810e-01,4.946591608635681481e-01,2.260542627866196363e-01,4.895711673518411411e-01,4.933609867641580160e-01,4.990788175620444744e-01,4.635345245748333509e-01,4.487304106555430883e-01,2.393505487584150215e-01
4.962164731287589392e-01,4.997620985913361902e-01,4.999811483669769352e-01,4.999962442248601646e-01,4.999939895379114096e-01,4.997780242947726936e-01,4.420383423333074102e-01,4.999974376150174704e-01,4.991131152887841593e-01,4.999937687972685896e-01,4.999212043766412816e-01,4.420217079929245063e-01,4.999630938492947152e-01,4.421528670016787177e-01,4.801589094431110705e-01,4.997643979593678343e-01,4.999987512856118865e-01,4.999985412842390953e-01,4.999069278488850188e-01,4.422323164255376748e-01,4.618744508871909238e-01,4.999973884216096232e-01,4.834487878823506279e-01,4.835759780676576192e-01,4.998816085733419623e-01,4.993059482874393495e-01,4.999723436811881472e-01,4.806715555839560783e-01,4.997475881423911748e-01,4.998636534288938282e-01,4.985446948473437057e-01,2.684656664635121093e-01,4.999519217924787706e-01,4.996623895021070072e-01,4.998315029925067821e-01,4.992881516828782673e-01,4.998484046298080630e-01,4.978233695322920038e-01,4.384152171894182826e-01,4.835199971477390779e-01,4.999083840592781769e-01,4.998111828893302411e-01,4.994361373843935747e-01,4.884973452956716256e-01,4.998413798447333689e-01,4.422184423392796493e-01,4.999421503432268654e-01,4.806737280512390353e-01,4.960688282181079378e-01,2.731442822782486068e-01
4.997262436609105629e-01,4.997002460833931958e-01,4.996029586926079014e-01,4.999809435795806722e-01,4.997681231942348035e-01,4.982723440276674021e-01,4.995835765069611134e-01,4.999199106241219437e-01,4.595351890209282142e-01,4.999907378055317708e-01,4.996414244981743913e-01,4.995434933648474352e-01,4.999918213486030938e-01,4.989190915730607467e-01,4.989685316140543003e-01,4.999783071465761508e-01,4.999928667730415000e-01,4.999982101657971523e-01,4.984980418534071256e-01,4.994935827301401066e-01,4.957403051570186681e-01,4.999947111261042743e-01,4.996726773804774369e-01,4.998698030185584895e-01,4.999793474702098339e-01,4.596329420254126052e-01,4.999586040766140216e-01,4.980822096305889124e-01,4.996374311867746720e-01,4.998711475073268629e-01,4.593682692900981634e-01,4.951636020094232205e-01,4.998835338071298540e-01,4.997512634199037795e-01,4.999087104570468787e-01,4.598806376506156535e-01,4.997353164958284188e-01,4.975463016437910446e-01,4.993826538166012408e-01,4.997948049726574360e-01,4.997159937692933762e-01,4.996450535045353081e-01,4.996533506585411066e-01,4.760281610852725720e-01,4.999945335543739544e-01,4.992580326218231113e-01,4.996315081235420119e-01,4.978322179734547270e-01,4.998976759791846081e-01,4.960851944121641988e-01
4.979294761329602914e-01,3.032116217004357517e-01,4.979432184032578923e-01,4.969926897431674040e-01,4.961685514305990696e-01,4.974883914546096575e-01,4.994810537861445465e-01,4.968858414706834870e-01,4.863159464178996583e-01,4.991928828846184385e-01,4.572528631188891857e-01,4.993139467425027900e-01,4.997661863483875977e-01,4.850904084020098428e-01,4.934230132726823981e-01,4.996270160881038924e-01,4.958161087460825067e-01,4.378240798741080408e-01,4.863271436525340996e-01,4.940282487306000281e-01,4.890714145833969795e-01,4.991779910377993068e-01,4.858355659662397796e-01,4.998853451888040644e-01,4.881440112265241216e-01,4.928988715397071285e-01,4.878834350296526456e-01,4.977084969733034381e-01,3.089454881635314010e-01,4.960537830551856597e-01,4.899938251341733331e-01,4.298244761953521897e-01,4.273866892373106574e-01,4.377126739340777006e-01,4.851392677420734434e-01,4.984937944870354576e-01,4.890538527628659482e-01,4.962838641938314144e-01,4.951427709683634548e-01,4.940558360876452504e-01,3.105956311331313224e-01,4.986891609491519994e-01,4.880410675042763935e-01,-2.231299582573344764e-01,4.999251999210398423e-01,4.985205557814900712e-01,3.077988938120377882e-01,4.849775257761413938e-01,4.963267772891855056e-01,4.899648864762407019e-01
4.617392179560736443e-01,3.359950535499634516e-01,4.482243838605337594e-01,3.256716880131680369e-01,4.545420360083771150e-01,4.398615634392100682e-01,4.977882848710216690e-01,4.989956255648436700e-01,4.615465442875655855e-01,4.962169949393174795e-01,1.264582498142822475e-01,4.855463333034232276e-01,4.774429341693925966e-01,1.306864761425891863e-01,4.668179915484299003e-01,4.836615517949316989e-01,4.813607779962139066e-01,4.793224372635080388e-01,8.743227307574356899e-02,3.865571751369303866e-01,4.236475034232752290e-01,4.946931536549394326e-01,4.740280605774436773e-01,3.281774817756608065e-01,3.276292306684733813e-01,4.741856867522822316e-01,3.380017725090129765e-01,4.624869352015727464e-01,4.788382630257157491e-01,4.696042502493278925e-01,4.949998254618660498e-01,4.280022935223541936e-01,4.594867527371131466e-01,4.910691676568210151e-01,4.834849390678517267e-01,4.940033295705076877e-01,4.220866832782315670e-01,4.771321384783808739e-01,4.841053757216240427e-01,4.158338178595280543e-01,4.578619648968517697e-01,4.376197427269723494e-01,4.775574790979027484e-01,3.184207873307654535e-01,4.556279770112592331e-01,4.969866129664891052e-01,4.886383753927107110e-01,4.748123604636832473e-01,4.878269245220040462e-01,4.671820369155548769e-01
3.192425313218437699e-01,3.963571065470572474e-01,4.081450054918826509e-01,4.842213848649511432e-01,4.457804644621965462e-01,3.966413104676128065e-01,4.761683934706506527e-01,4.964834581193078300e-01,4.939561299071114076e-01,4.795797784972950506e-01,4.293430418261749981e-01,4.790194906524967711e-01,4.444048293721676313e-01,4.767542668478055856e-01,3.714832093289399673e-01,4.834009281255018387e-01,4.799086579337977221e-01,4.932443665335036753e-01,4.248837341033047665e-01,4.729745977502105014e-01,4.446788948535507768e-01,4.615269773883168836e-01,4.780020896114892115e-01,4.769752798254681680e-01,4.475332122880650854e-01,4.698068670212208753e-01,4.602361588527977831e-01,4.811230567580675466e-01,4.850641584948235385e-01,4.821669294363629121e-01,4.507964525687625512e-01,4.114708274351717154e-01,4.860714908374111909e-01,4.757107674281230714e-01,4.902223265305593047e-01,4.836300234261952102e-01,4.815503250258870160e-01,4.865662904719477710e-01,3.378303345276752467e-01,4.726380604103415095e-01,4.550549233110827152e-01,4.564078687843527993e-01,4.493469811331223251e-01,4.590055118825522307e-01,4.400250671527094481e-01,4.764022781055547995e-01,4.490116025415012979e-01,4.621379396618569002e-01,3.911524753799398568e-01,3.366177897052599621e-01
4.412841255582148486e-02,4.941887680322377130e-01,4.976664081326171440e-01,4.954053584885765860e-01,4.939237736599605411e-01,4.765991214336871007e-01,4.833772464207351516e-01,4.993556862901867288e-01,4.962618497910737947e-01,4.910575255875463951e-01,4.581381032691654864e-01,4.790581493548718983e-01,4.983467796449059239e-01,4.864580819296387970e-01,4.552610039212746235e-02,4.638462692454283776e-01,4.981166057289912463e-01,4.988994615466135762e-01,4.582427819983979633e-01,4.978136682432581228e-01,2.475209316224579736e-01,4.969320672123472282e-01,1.054664129993562738e-01,4.788304720123011116e-01,4.561908092514770363e-01,4.939470046845619855e-01,4.979639412703966150e-01,3.578395032726431890e-01,4.979228857182128598e-01,1.060968173808263110e-01,4.690709644760336361e-01,1.040696559804786675e-01,4.960489844491131062e-01,4.774600263141621226e-01,4.834417279533296807e-01,4.961801254185357335e-01,4.909343104599103169e-01,4.972826872307374857e-01,4.368555462936477007e-02,4.762485456556915242e-01,4.940565797133344983e-01,4.564322194297448787e-01,1.052087062518640703e-01,8.419574847300489995e-02,4.956327501293855686e-01,4.992160879989923639e-01,4.969762456290123809e-01,3.390894665649077377e-01,4.569373326379060074e-02,4.468296724496072930e-02
2.748947969102522593e-01,4.932535977706797303e-01,4.843007784258979709e-01,4.976944639335917353e-01,4.957759728122629328e-01,4.959572449396938421e-01,3.670941842488745777e-01,4.991727180393303875e-01,4.647890729142583610e-01,4.992989009044950799e-01,4.965434162986613331e-01,3.449576858558260906e-01,4.964893953935792803e-01,3.679628146700241187e-01,2.735864510641146108e-01,4.954258317204982554e-01,4.990007964664401330e-01,4.986433494275297473e-01,4.969687656148216170e-01,3.668217963752277155e-01,1.134171331204277822e-01,4.986750608232499160e-01,4.882812708446819805e-01,4.980829657543114353e-01,4.940061968879852494e-01,4.945428842694761795e-01,4.988381050780536508e-01,2.349192332739649114e-01,4.915710691063781557e-01,4.889202979921364323e-01,4.781234006917946533e-01,4.330066279484245384e-01,4.973708484336402669e-01,4.972099687303263571e-01,4.943212798646445250e-01,4.955361835868236087e-01,4.944478559779957316e-01,4.981583797853040285e-01,1.983514162805349035e-01,4.948651117430523660e-01,4.963706074880718799e-01,4.915522637785967319e-01,4.893201933895631739e-01,4.645158636653619055e-01,4.928540722076983349e-01,3.668864952905667720e-01,4.975878753300151391e-01,2.373285162532690062e-01,2.723168829665836288e-01,2.537664934463867428e-01
3.724496284303727145e-01,4.967594820417171042e-01,4.820310184592073166e-01,4.966781273185664203e-01,4.881974700212552420e-01,4.967309568945738052e-01,4.831464853440550766e-01,4.982899017302295230e-01,4.860374000652384896e-01,4.993850909982793795e-01,4.783026989584626132e-01,4.849957181893229663e-01,4.987417592071526351e-01,4.633494570262602363e-01,3.624311001637811058e-01,4.959095580495427869e-01,4.988111860467748238e-01,4.977488976533149811e-01,4.764303075481293170e-01,4.847283662770425217e-01,3.721097143246268613e-01,4.989730232661439557e-01,4.925454997684164393e-01,4.958874268429314669e-01,4.949515781722215180e-01,4.849777624204422155e-01,4.966374621361218655e-01,4.302914462860870093e-01,4.975484736835024679e-01,4.954009757238455047e-01,4.763490781275113717e-01,1.733334633618967835e-01,4.947838572157749470e-01,4.977622989165235712e-01,4.973924216212822769e-01,4.867214651543416148e-01,4.945953801552516738e-01,4.965584376175728454e-01,3.516945362715512835e-01,4.962393906831825130e-01,4.964753407504194915e-01,4.965744057793921584e-01,4.985760349461603735e-01,4.614437560380113545e-01,4.989699966966283373e-01,4.843219615112444032e-01,4.975085338166662097e-01,4.300601534579774343e-01,3.727777414335423645e-01,1.266768745509282978e-01
3.370050081409122211e-01,4.793050189730047594e-01,4.946341417197637202e-01,4.949394902793599060e-01,4.958920678124016934e-01,4.971481129175021052e-01,4.981143130152166365e-01,4.990821593460709193e-01,4.854613338935981903e-01,4.978074280030313492e-01,3.355750038219063036e-01,4.980293909644499806e-01,4.979974942214014377e-01,3.504583995559382714e-01,3.345139351685958440e-01,4.983165336699108550e-01,4.974860419064452421e-01,4.764377511713529523e-01,3.496965161631788166e-01,4.842043390401855607e-01,2.621669533059985402e-01,4.987232997861115735e-01,4.403688539613719310e-01,4.955725230013992011e-01,4.790653945017038229e-01,4.943646480871966564e-01,4.829920329510031807e-01,3.679592367496780092e-01,4.967024470452605089e-01,4.930963840828590516e-01,4.315817453606359266e-01,4.654173976896812670e-01,4.238358359702519285e-01,4.764430996903560311e-01,4.864007968065785503e-01,4.992513842589716977e-01,4.405938925752425628e-01,4.936574424440106079e-01,3.252786235287726258e-01,4.843409882518898146e-01,4.918971917654089698e-01,4.957597178348305267e-01,4.829148335577983508e-01,3.069346101297641405e-01,4.983806730666798801e-01,4.969423277556962448e-01,4.973320080124243869e-01,3.550513371758796111e-01,3.367298092013598643e-01,3.368529020821489084e-01
4.753851045375236395e-01,4.769106257005838456e-01,4.733356110610678624e-01,4.723234108887462979e-01,-8.517900943919129442e-02,4.473453565804650922e-01,4.854506423690833072e-01,4.970623676747472630e-01,4.130227568434799990e-01,4.907412577061401326e-01,4.296907387357087882e-01,4.888015820338897366e-01,4.781748562948738290e-01,4.443922251119841182e-01,-8.604795295474870764e-02,4.954799622447299545e-01,4.639062843899193211e-01,4.898125776651984786e-01,4.384009834177883258e-01,4.683060257603681720e-01,2.493913062933388325e-01,4.953134465070883619e-01,4.828559952880478456e-01,4.651542520303625916e-01,4.612345882262400831e-01,4.846343851599533292e-01,4.806365560825740513e-01,3.542469671477049831e-01,4.902665297985354109e-01,4.933956134404127170e-01,4.888703337407587779e-01,4.634493042232171178e-01,4.287525692594275073e-01,4.914485838236271609e-01,4.774931091436598884e-01,4.962420972261018526e-01,4.712198224865017937e-01,4.776636239856474342e-01,4.506529249535405346e-01,4.544654429331479450e-01,4.750200368204678392e-01,4.853585549397215759e-01,4.712885353393587162e-01,4.458566740098383607e-01,4.842098163908770125e-01,4.881448120094022403e-01,4.955084872243309402e-01,3.535746873360194886e-01,4.845182192363762241e-01,4.608491637155406329e-01
-3.714412996506323561e-02,4.504912727260521055e-01,4.357116343001719017e-01,4.851551367848099261e-01,3.696415445876946038e-01,4.541476767738114595e-01,4.600954150360241357e-01,4.961462573178923030e-01,4.941311339249663259e-01,4.661524399248934691e-01,4.731183377711451477e-01,4.688184712984124758e-01,4.638569427294217395e-01,4.806503872315080472e-01,-3.880642516502693512e-02,4.822332892207943367e-01,4.774050804841911133e-01,4.916546417497413279e-01,4.630468021463345907e-01,4.795825849056368773e-01,3.820633811225270793e-01,4.801334636982957371e-01,4.021236542785109891e-01,4.694582193414241766e-01,4.710758878395321370e-01,4.746290384285125064e-01,4.850327949409311556e-01,4.781396154682277522e-01,4.822020288675789024e-01,4.039144098737905697e-01,-2.319892320026308574e-01,4.688151000702345250e-01,4.908764068163475880e-01,4.745264814368079231e-01,4.912618753664941829e-01,4.859227429659639941e-01,3.979088426341579887e-01,4.859847265240124226e-01,1.797577827551677734e-02,4.785379072426470537e-01,4.775453999139021577e-01,3.646195198684549776e-01,4.684247301629744786e-01,3.800582766943176316e-01,3.319141277583098071e-01,4.603334276300520278e-01,4.724919022525257417e-01,4.764556468892147678e-01,-3.927424863052136894e-02,-2.865460264820676034e-02
2.602456208595683718e-01,4.877076435187585601e-01,4.987654265556142885e-01,4.765215130070210581e-01,4.997541721325609032e-01,4.580765801886040323e-01,4.802694115573578615e-01,4.974143548030726114e-01,4.972931700619317996e-01,4.955970056578874461e-01,4.990657873824265178e-01,4.509040499762798082e-01,4.991070393223848156e-01,4.767713802557482783e-01,2.642359315556201405e-01,4.432261704509384836e-01,4.998707560416391638e-01,4.999286641049864310e-01,4.988214522097497716e-01,4.965742325319638661e-01,4.942300884407305750e-01,4.879003040866953245e-01,4.958575265622890416e-01,4.585949737496249345e-01,4.106941426778268345e-01,4.981639924427532229e-01,4.973813907979317550e-01,4.971664569246638798e-01,4.993280592404183982e-01,4.965469956519756312e-01,4.947635498177301860e-01,4.512263598149344745e-01,4.997955450744561157e-01,4.459388607498726564e-01,4.920308578313770664e-01,4.974011295331702831e-01,4.920842562758250827e-01,4.996463163657842710e-01,2.587845352752335404e-01,4.576512608389237680e-01,4.984742797265445113e-01,4.863480404092651033e-01,4.883849120697646429e-01,3.610822605625174653e-01,4.993637556069500105e-01,4.966494012481628695e-01,4.994883434261352395e-01,4.563312505672121877e-01,2.582840329442023797e-01,2.573844684942533378e-01
4.978354345059960440e-01,4.923471387767676122e-01,4.996584395010715829e-01,4.999860688551908128e-01,4.999776733788589556e-01,4.989340398168984336e-01,4.911505420054721460e-01,4.999651935858503982e-01,4.888556539362259867e-01,4.999005217435675275e-01,4.994073338493395520e-01,4.809943040526069580e-01,4.943455127173807528e-01,4.891700622755388306e-01,4.956628639164217809e-01,4.998201557532566119e-01,4.999925853649030416e-01,4.999979266971596448e-01,4.993671086930897007e-01,4.854074174868214797e-01,4.930269697572693954e-01,4.999868815785125653e-01,4.946085956628506475e-01,4.993589682109953465e-01,4.941056211806304499e-01,4.979825714719945395e-01,4.993163085304829218e-01,4.965307042815776395e-01,4.873615200656278845e-01,4.951600769959501602e-01,4.831140780395893897e-01,4.899147789573202183e-01,4.999848406164906778e-01,4.998638637283316366e-01,4.931809065702177364e-01,4.993183464657259818e-01,4.940882470364069690e-01,4.985699468994040928e-01,4.888176637011265036e-01,4.936223172888264954e-01,4.940564409591191586e-01,4.917703381308898281e-01,4.952288260350725113e-01,4.866643497467478263e-01,4.933752833198024601e-01,4.843458774087032181e-01,4.997111794601644674e-01,4.963385526153609728e-01,4.911194031468320564e-01,4.844192041547853989e-01
4.998639195660587453e-01,4.998939644434505225e-01,4.990520987826594923e-01,4.999979544321047631e-01,4.999239194876667347e-01,4.988031729641620449e-01,4.995950128376966948e-01,4.999955007419783493e-01,4.879932340876904084e-01,4.999924990149898774e-01,4.999626327912178869e-01,4.995915825320079162e-01,4.999946392679228691e-01,4.991312702147107649e-01,4.986637404371851434e-01,4.999870099693790593e-01,4.999985851542669280e-01,4.999990558843408484e-01,4.996068691255404759e-01,4.995354470671949931e-01,4.946443859693747669e-01,4.999985256814126200e-01,4.997186026990835250e-01,4.998185777132989616e-01,4.999812433966905889e-01,4.884920115528028073e-01,4.999513378814953724e-01,4.973530335435656369e-01,4.998678079360938109e-01,4.999404813956233040e-01,4.886592542408564332e-01,4.995289401911286453e-01,4.999554203881499403e-01,4.999818517353045721e-01,4.999924294812528869e-01,4.887706274551173458e-01,4.998935912566267459e-01,4.996832728943753632e-01,4.994594650722181117e-01,4.997929765149288772e-01,4.998904738767885880e-01,4.996877282880010096e-01,4.998646906515822330e-01,4.951753854930266985e-01,4.999956863590344636e-01,4.993037590185132601e-01,4.998968133992365281e-01,4.973550936883179840e-01,4.999442583263166151e-01,4.995202799006565053e-01
4.997981379180284067e-01,4.807181320459835705e-01,4.990788434504025983e-01,4.993314234770218074e-01,4.992014232439903609e-01,4.989966117681500224e-01,4.989171324220862958e-01,4.997593431766922389e-01,4.941493880904883618e-01,4.993644563545727721e-01,4.935374351118714253e-01,4.984698651314113937e-01,4.999576510839625620e-01,4.977967500095001885e-01,4.969579782288676695e-01,4.998550862874321932e-01,4.997865830583215208e-01,4.986656214793985242e-01,4.996403401879437323e-01,4.967049496094228522e-01,2.642104982020490600e-01,4.998603357497604649e-01,4.658913391823686911e-01,4.998146865573294129e-01,4.953934098322274049e-01,4.943414535947511790e-01,4.950133404949425553e-01,3.625736206186078170e-01,4.872430772245128217e-01,4.963262258916420477e-01,4.525061370481099354e-01,3.830299753934754414e-01,4.678002217333757651e-01,4.985936522043998287e-01,4.952060552775853219e-01,4.991587969359344013e-01,4.671656900169595117e-01,4.968056449789317597e-01,4.908917220015558414e-01,4.974164641238625340e-01,4.874018889915172625e-01,4.990807378097517621e-01,4.952240660861188526e-01,4.828104088096915603e-01,4.999744348583344267e-01,4.981525473593785835e-01,4.867360048011419305e-01,3.594160186059222606e-01,4.983618035309512750e-01,3.818667902460619601e-01
4.835496715736030127e-01,4.904050531917269473e-01,4.864631239693834597e-01,4.831331708430450234e-01,4.637674451316544655e-01,4.856465516349904865e-01,4.942815967368397456e-01,4.951444893839567207e-01,4.323221345192245768e-01,4.807461733968426687e-01,4.698640155329583679e-01,4.972325411548921270e-01,4.948434290262163637e-01,4.900959070358099634e-01,4.658117367105265028e-01,4.965852204153394789e-01,4.447848444528776923e-01,4.925236334925409132e-01,4.827736547326008654e-01,4.898418345034203369e-01,3.799567379480477403e-01,4.972510500640438535e-01,4.844677593014357075e-01,4.887272069450719347e-01,4.871247169421550338e-01,4.912188741220949173e-01,4.906126749628050843e-01,4.309233818254079029e-01,4.957721012136475092e-01,4.927497618077816832e-01,4.865661107192401080e-01,4.647268420186171922e-01,4.366461280306465076e-01,4.983154836384210418e-01,4.869118954506415631e-01,4.970293342953148730e-01,4.909837310096712981e-01,4.955061556213151697e-01,4.761587371621783804e-01,4.423903184622753337e-01,4.924033910248108992e-01,4.978234341767630577e-01,4.864795865246761553e-01,4.659153661066253171e-01,4.948272744331418949e-01,4.982992459962200527e-01,4.910704579108852164e-01,4.371790049944616063e-01,4.922161509220823183e-01,4.413890413551081471e-01
2.437009660695896029e-01,4.130817993753204131e-01,3.815761896644512818e-01,4.401738553352899097e-01,3.307467288438306063e-01,4.604192009921480033e-01,4.704576625108350951e-01,4.715690441249966169e-01,4.787576461505176906e-01,4.644879277301010578e-01,4.442594546297062852e-01,4.761054279748159201e-01,4.471589335492573425e-01,4.527312309931893486e-01,2.671184970844316386e-01,4.642095968541525841e-01,4.149161286968540141e-01,4.472082070576771651e-01,4.496185582658733804e-01,4.694651821829260996e-01,3.474613653165645188e-01,4.557052898824042741e-01,3.930271377235360908e-01,4.680480004637024294e-01,2.483759948229784797e-01,4.324751400679023861e-01,4.523930756522888119e-01,4.572631108203624173e-01,4.505105392427106170e-01,3.860201747481877832e-01,3.778574888315716640e-01,4.082220482994534105e-01,4.104978990142922890e-01,4.586641554831333289e-01,4.110165892817079225e-01,4.655853472227591272e-01,3.206311861714110645e-01,4.160064778461856627e-01,1.284996136682432788e-01,4.510188549422183280e-01,2.388506418991412639e-01,3.580060256325124368e-01,4.427415797259881547e-01,4.433853564665554137e-01,3.252220015050917290e-01,4.265871909764452630e-01,4.569714074358111611e-01,2.684233247958842661e-01,2.747785958375561499e-01,2.103423909503206457e-01
-1.891042216069206416e-01,4.861328809029621945e-01,4.945820286605712712e-01,4.925464372781011568e-01,4.882856986977553992e-01,4.560949616960396913e-01,4.966560424658604256e-01,4.959088620943086778e-01,4.968852075333966001e-01,4.958220533812691677e-01,4.684060385142195249e-01,4.514017175142610028e-01,4.946534761951908443e-01,4.629405313833639402e-01,-1.869159960653777874e-01,4.585539681258002376e-01,4.929339412574913482e-01,4.987382313801617673e-01,4.647047974248322832e-01,4.946137913612734804e-01,4.624027423379200030e-01,4.918457373546958333e-01,4.927979099613826741e-01,4.579339380682876381e-01,4.185533656543094505e-01,4.941517126992326925e-01,4.932961359872025664e-01,4.857406480343162691e-01,4.978523585538272012e-01,4.949941482020777106e-01,4.852405984336402023e-01,4.468704714777495535e-01,4.965947550244086406e-01,4.534640199582120612e-01,4.986137606294829272e-01,4.972589655653704144e-01,4.935025939693571950e-01,4.983054696857444066e-01,-1.828796044209885507e-01,4.405413876326624845e-01,4.790679265999050473e-01,4.602945927469677678e-01,4.953541600518053256e-01,3.547531726295407029e-01,4.924735213753322349e-01,4.969297683483179240e-01,4.967927512447738447e-01,4.513504959433601860e-01,-1.890994763184246918e-01,-1.839800583432247283e-01
4.865689500206738516e-01,4.983551505384032354e-01,4.818540526886085362e-01,4.986077612059841568e-01,4.903421502282872546e-01,4.944968134737341980e-01,4.879887886283474363e-01,4.995323347502351186e-01,4.988089020545314889e-01,4.988187381148543320e-01,4.761933496083169404e-01,4.970444156486127918e-01,4.830854602390629582e-01,4.695554954533002201e-01,4.776978027342698163e-01,4.859130272145482099e-01,4.989119347306996688e-01,4.987733087924592912e-01,4.768274777800209918e-01,4.805897589105718182e-01,-3.745456675145282868e-03,4.990486053220151708e-01,4.971286880315163859e-01,4.972582566771570622e-01,4.792322525878218720e-01,4.983010732863044634e-01,4.986270213052559352e-01,1.321008452040960644e-02,4.831764257066560875e-01,4.972903900149514556e-01,4.815827014193383437e-01,4.902792837089496314e-01,4.983744732742384498e-01,4.968145003906796475e-01,4.986983425300611228e-01,4.985756197084193486e-01,4.746840795955070136e-01,4.990311473381570107e-01,4.716010147795458018e-01,4.773986682908862855e-01,4.827384769749706317e-01,4.967420705263181357e-01,4.978417768989129577e-01,4.817146278690320194e-01,4.980129323840848388e-01,4.828401718454839453e-01,4.986487743457113098e-01,1.475800246567374706e-02,4.865188514314638391e-01,4.441926195405357936e-01
2.959008136490200447e-01,4.965522656098255161e-01,4.829143684216384291e-01,4.967711453563552482e-01,4.980486887497012627e-01,4.950179026306196772e-01,4.851453106915262770e-01,4.994951806586691023e-01,4.931064807450259990e-01,4.990512383795861484e-01,4.460871318632681493e-01,4.836881554787986759e-01,4.980732180752394656e-01,4.300565090972799931e-01,2.908420681201213664e-01,4.986078248962290682e-01,4.985675715787680762e-01,4.981606149641418790e-01,4.454243196695630846e-01,4.763329097454559458e-01,4.598895709462799686e-01,4.989304361053170100e-01,4.879552548656149735e-01,4.953767836281786074e-01,4.932333180816795837e-01,4.891073218748409057e-01,4.976887243257466231e-01,4.850929651530948017e-01,4.975206606421858080e-01,4.926707431397047143e-01,4.904881069360523815e-01,4.199162853686764785e-01,4.936768748396924145e-01,4.978624320969100014e-01,4.981061927254971100e-01,4.946143729593289184e-01,4.937383009470847628e-01,4.936892001105415706e-01,2.866243432932247814e-01,4.875545659175999913e-01,4.946317902627791474e-01,4.920306646449821852e-01,4.933221806988801750e-01,4.617544837448261941e-01,4.989938119152778073e-01,4.791933623602859793e-01,4.981529189872267449e-01,4.797837175720633396e-01,2.955537698288327464e-01,2.540542323093679666e-01
2.766046887519218456e-01,4.933087412297892382e-01,4.962480963064058170e-01,4.936853494951047305e-01,4.858491922403169738e-01,4.965656536348003192e-01,4.901610262400869500e-01,4.968418884513089995e-01,4.952510744089841932e-01,4.989489020215646109e-01,3.277972146607244230e-01,4.910011932178590666e-01,4.984890201789126674e-01,3.237638332414474740e-01,2.701959944658883228e-01,4.976033549339967665e-01,4.980530444656777744e-01,4.989948537353978142e-01,3.271698641386469042e-01,4.457386648480997082e-01,1.771391486960565420e-01,4.981566433551891659e-01,4.880594899955929544e-01,4.956728368079411085e-01,4.912051259116649304e-01,4.905267273086409419e-01,4.946444494278134374e-01,3.118327153868580837e-01,4.963673755097576801e-01,4.979905494766083685e-01,4.861579390456158833e-01,3.825960398474590463e-01,4.869721809880217522e-01,4.988161676554310753e-01,4.948565350127054341e-01,4.977908097988384406e-01,4.862614054521691709e-01,4.968642956058654803e-01,2.674804016489047975e-01,4.524860005683110642e-01,4.949653269871999162e-01,4.950705790955990393e-01,4.974619967827266231e-01,4.812452382190980926e-01,4.972387373569109870e-01,4.904977214662633589e-01,4.953549554386960097e-01,3.097987381260540740e-01,2.769484726521522777e-01,2.146539287922599459e-01
4.443494737611330958e-01,4.898755398563939822e-01,4.842149520620721570e-01,4.896124484584369885e-01,4.808307548002276333e-01,4.889979992132099107e-01,4.962631208854032527e-01,4.960440972310068974e-01,4.795420289418292348e-01,4.869877758353742259e-01,4.746094280427040069e-01,4.981293867996799407e-01,4.910868835287038325e-01,4.839395339461718959e-01,4.464650931327441841e-01,4.965623801128694614e-01,4.550056250906818756e-01,4.974731682944601441e-01,4.781434218022890259e-01,4.937978792891657420e-01,1.109233966283197231e-01,4.974725075889297465e-01,4.864146858545542740e-01,4.923157584099198125e-01,4.840839314943239935e-01,4.899610123547765705e-01,4.757908623806835213e-01,2.304760044179673117e-01,4.969394181052819159e-01,4.922833323292486463e-01,4.613544492270151842e-01,1.994799196648421591e-01,4.877953223133815741e-01,4.983533023937193884e-01,4.939957650264229505e-01,4.966956523079200103e-01,4.940304068383968294e-01,4.966872999803313427e-01,3.901685188463372977e-01,4.526650659917709207e-01,4.955412395552906690e-01,4.954092187088421362e-01,4.884275867750861866e-01,1.214361933264257454e-01,4.942786899647236831e-01,4.990083000317673267e-01,4.977559902077849929e-01,2.333641066923308471e-01,4.597513436186284053e-01,1.728805740899153065e-01
-1.784565202121914385e-01,3.870645620918230501e-01,3.464135021952422511e-01,4.364134958008699106e-01,3.840494306379175771e-01,4.426989818960049283e-01,4.700462726774983779e-01,4.584655896286110033e-01,4.707727720738743571e-01,4.532077725742814089e-01,4.583331774906976852e-01,4.652948529579312709e-01,4.343494819489195358e-01,4.576569252840779201e-01,-1.991029891099931060e-01,4.625058466514314071e-01,3.838197087425883058e-01,4.375695118289825158e-01,4.643838983660617536e-01,4.152560411392380857e-01,2.488162390989215877e-01,4.172970532902013363e-01,4.446903229780747036e-01,4.718611630784722566e-01,1.421864860609368675e-01,3.179614200371091437e-01,4.641003859765743256e-01,3.955052888361721419e-01,4.539522401908802629e-01,4.481359043756221183e-01,3.796988971616778175e-01,1.065293745563562072e-01,3.856166903477912244e-01,4.419047836320177947e-01,3.870197744179720845e-01,4.630974484336489727e-01,3.506028801959437113e-01,3.893306330809634397e-01,-5.956998169638499235e-02,4.477278843646806950e-01,1.343642627972295167e-01,4.142765094882913668e-01,4.253940731465241099e-01,4.604525013749605766e-01,4.254686705729427976e-01,4.403830526447544136e-01,4.567486922625557111e-01,1.444710934153702331e-01,-2.026388056281959449e-01,-5.473848686448773426e-02
3.363710765640813283e-01,4.916761419922301424e-01,4.968767950924798948e-01,4.983409366273601204e-01,4.954673291048215522e-01,4.284935126392764304e-01,4.896550273468145975e-01,4.998166635630365562e-01,4.988837799193697742e-01,4.990495750531137031e-01,4.974901958120116485e-01,4.225083356573631765e-01,4.973542499743524581e-01,4.865704024575479569e-01,3.340093600275968466e-01,4.317769201979267946e-01,4.941599693656926195e-01,4.998016621289704253e-01,4.956404279339745589e-01,4.878015497171364068e-01,4.294433556144674480e-01,4.963569711845933208e-01,4.972977300715015758e-01,4.246929837060828272e-01,3.736069529913059184e-01,4.977737428406113773e-01,4.995427266224491958e-01,4.637271928553710065e-01,4.983086850390777145e-01,4.952956890047373051e-01,4.976776579088299512e-01,4.275947409240827835e-01,4.996350704974548695e-01,4.324190338446267656e-01,4.993495672379251182e-01,4.914706425076156848e-01,4.990778660881078910e-01,4.977182404410969707e-01,3.298710315287768924e-01,4.247215267707732944e-01,4.892426396420674339e-01,4.865131021760360497e-01,4.954636653780544187e-01,3.211116339792348673e-01,4.993464443307670808e-01,4.889972777762125467e-01,4.989084408033236939e-01,4.035747136231752075e-01,3.367325062418580206e-01,3.337540482824199461e-01
4.994877754258815195e-01,4.990483268365292213e-01,4.993715827689422793e-01,4.998448190365250565e-01,4.999606180719334825e-01,4.984230673524007726e-01,4.576332595332985864e-01,4.999666498170415307e-01,4.980302106265672157e-01,4.999549752370390787e-01,4.990669194182778545e-01,4.962200837823727007e-01,4.999081294046258117e-01,4.828818690481393450e-01,4.943982866521910990e-01,4.593852599753698307e-01,4.999733512416271175e-01,4.999934215606811061e-01,4.990496942354631371e-01,4.973170241207082176e-01,4.998713059118940483e-01,4.999104851755854506e-01,4.987050282414895452e-01,4.997774428232796273e-01,4.994363820664158848e-01,4.954018513148303327e-01,4.998856130911105144e-01,4.999828729274842787e-01,4.991467912241073224e-01,4.987164216096492964e-01,4.968410669061328888e-01,4.970984063118792373e-01,4.999759669091228820e-01,4.997060343348106448e-01,4.998804631550555766e-01,4.981145564895943512e-01,4.889080714420315221e-01,4.958250956431967671e-01,4.552706329537232199e-01,4.980250871495045528e-01,4.990679911534376956e-01,4.944584720131208755e-01,4.986041487841243458e-01,4.911030226057623849e-01,4.983662994815019065e-01,4.928075054332022309e-01,4.990922972276340963e-01,4.997484412362327988e-01,4.995331401325717735e-01,4.589724846334102271e-01
4.999562231055095229e-01,4.999039778426300207e-01,4.993373756889515902e-01,4.999972348939807909e-01,4.999748993432759914e-01,4.985407449437497807e-01,4.997124181433846846e-01,4.999964523645274994e-01,4.973164987099000789e-01,4.999888095022061441e-01,4.999904316904538737e-01,4.996949272655968333e-01,4.999935490687677508e-01,4.996285456183915397e-01,4.975524045550479002e-01,4.999810499166147393e-01,4.999961138156325258e-01,4.999982547683509693e-01,4.999327841849125487e-01,4.997098900932748777e-01,4.999731733193159555e-01,4.999968789030106997e-01,4.971460228776527490e-01,4.991393991433287214e-01,4.999935209446988438e-01,4.977488066794104049e-01,4.999807094818752851e-01,4.999867062232691839e-01,4.999035136671240442e-01,4.979920772159817099e-01,4.967230446307188685e-01,4.970994417998653714e-01,4.999945081339985942e-01,4.999965184826172804e-01,4.999938894649002541e-01,4.978550919920516349e-01,4.999330784417250206e-01,4.998617048703524746e-01,4.996313159011700478e-01,4.990317415694861536e-01,4.998633957776412173e-01,4.997388762822256303e-01,4.979064189958620767e-01,4.931852118116119565e-01,4.999947734260073440e-01,4.996364226721553559e-01,4.998807555205139197e-01,4.999824094539577768e-01,4.999896115973872512e-01,4.999594924145553954e-01
4.999102900893477863e-01,4.976551924056404341e-01,4.996658966702021698e-01,4.999519931989347410e-01,4.999109270570294417e-01,4.988604119997686603e-01,4.970077752293721174e-01,4.841774249893156523e-01,4.977508216412953601e-01,4.999666015632253102e-01,4.563624219169677421e-01,4.969191021278837606e-01,4.999315308203368668e-01,4.541195427645101090e-01,4.977547403116242553e-01,4.999685146337314867e-01,4.999343815277186853e-01,4.996029115028274292e-01,4.569129110999087806e-01,4.951860897691930385e-01,4.760168671900668613e-01,4.999909754441411724e-01,4.830806836965491069e-01,4.992630542292283979e-01,4.998824190271990431e-01,4.954048667634392000e-01,4.997085044828270539e-01,4.888351759691228482e-01,4.819387594553077858e-01,4.843844117836288432e-01,4.953121772079115415e-01,4.980994779973464404e-01,4.990955208242717767e-01,4.995968198600276300e-01,4.840996749167134627e-01,4.978359586015932425e-01,4.994358716645522778e-01,4.998431990845881301e-01,4.785837579479903514e-01,4.974233027987791100e-01,4.976608291559814767e-01,4.998506184604871727e-01,4.989237018062704365e-01,4.893473718514464443e-01,4.999647915301272949e-01,4.969008934530788069e-01,4.819789498121150317e-01,4.884477889219542845e-01,4.996605267820369289e-01,4.997948217382375269e-01
4.863586273329443266e-01,4.974850731227111744e-01,4.935751171296069995e-01,4.740049253348290748e-01,4.940979070917679294e-01,4.604236128761158287e-01,4.987478826956621147e-01,4.995327314259104812e-01,4.967682948960718270e-01,4.992974813452288885e-01,4.506270005032315673e-01,4.982449170086080126e-01,4.816113483873425971e-01,4.550382332134300656e-01,4.900521966649483696e-01,4.985978653241550096e-01,4.923560440982074349e-01,4.992129878895654183e-01,4.546243245485027118e-01,4.944157281546959215e-01,2.569895549925311010e-02,4.954684304129255978e-01,4.931484541309638092e-01,4.981307936650088419e-01,4.791738756225131790e-01,4.975902096468318159e-01,4.603972644751796461e-01,1.009825130881723265e-01,4.987561690455717400e-01,4.968616186109903743e-01,4.636619876959111597e-01,3.438228894529684054e-01,4.744211409938965951e-01,4.993825322189177629e-01,4.978922413913985934e-01,4.986960593377089968e-01,4.944694655559034313e-01,4.946610994113159743e-01,3.416205106247878209e-01,4.883053500763160359e-01,4.979013739337935229e-01,4.992006502423729786e-01,4.975360751379884761e-01,2.337160065850325263e-01,4.998154416186344484e-01,4.979335138434756169e-01,4.782182018187965400e-01,1.044653065766134314e-01,4.715694656434331056e-01,4.869860483104868631e-01
1.883858163499400884e-01,4.320091586113362081e-01,-4.608629004677248786e-01,4.555848452835034035e-01,1.816304720373961359e-02,4.719658770544249982e-01,4.895342303237844028e-01,4.761703185580019038e-01,4.806972800738640861e-01,4.690385672123159599e-01,4.497550793413637171e-01,4.815278263380902701e-01,4.611358609950179099e-01,4.462912296049024730e-01,6.895663430291228656e-03,4.796572870997198867e-01,4.708911561033308213e-01,4.701740179020014176e-01,4.365708526736368777e-01,4.660105196183948473e-01,2.127437918379382897e-01,4.403035676676386734e-01,4.297929574767057614e-01,4.632620252083332058e-01,4.172586829376231932e-01,3.818200510800257574e-01,4.724882188845836994e-01,3.368795562114747510e-01,4.494420475788618585e-01,4.685885775499753492e-01,4.616283674642478463e-01,4.487096562995869231e-01,4.683162965550287660e-01,4.724169035799806182e-01,4.734614882090749655e-01,4.570706855603328123e-01,4.328185140362097449e-01,4.727103887683648531e-01,1.671305590573865241e-01,4.592150927817124639e-01,3.795609232182939330e-01,4.748026502522790793e-01,4.720127894148841707e-01,4.443949346264535194e-01,4.750135498239785314e-01,4.821593105630613829e-01,4.683673195849457072e-01,3.139467373825371443e-01,1.829042976566015444e-01,1.798779537013824315e-01
2.242937402324963192e-01,4.818375878807246160e-01,4.885152369099184932e-01,4.933292048951905540e-01,4.712673878217691903e-01,4.057900502898833528e-01,4.945848358584273852e-01,4.984881366615808163e-01,4.976010857362634932e-01,4.984298336202217516e-01,4.768933902799187274e-01,4.206287879802554364e-01,4.916859533638597846e-01,4.761993684141087591e-01,2.185306339220783600e-01,4.324177939871978738e-01,4.983273836205576734e-01,4.984327529055340711e-01,4.741307900003725595e-01,4.867945033949388489e-01,3.958136584984888739e-01,4.925306538162045888e-01,4.929089377373376823e-01,4.271245998063456506e-01,3.740250126604886538e-01,4.910665323336868004e-01,4.923294558263595633e-01,4.528683167917432750e-01,4.950519996813415591e-01,4.917626250351375683e-01,4.913040984587194182e-01,4.177703734102731215e-01,4.969850642990641387e-01,4.321048172981224456e-01,4.985089275502019301e-01,4.841438772293498172e-01,4.927778682673070176e-01,4.952752549551799888e-01,2.234349036265004251e-01,4.263128777980415562e-01,4.937350860188394197e-01,4.885861629903414660e-01,4.677171545122912333e-01,3.024929300050377412e-01,4.876244109729711562e-01,4.936167790379231146e-01,4.925881562302065753e-01,3.912579752476120221e-01,2.271482822720531647e-01,2.176894164648555674e-01
3.966290311291437720e-01,4.980610612244471547e-01,4.799235303360634419e-01,4.983265146747041796e-01,4.980495700612859733e-01,4.934641377141340546e-01,3.872626624994897626e-01,4.990852415032824840e-01,4.977056877089462428e-01,4.852890530205488107e-01,4.363382944939193653e-01,4.948338025710452559e-01,4.981458243739885772e-01,3.837616031861332266e-01,3.961154232305437173e-01,3.872387083897471660e-01,4.985465367362491018e-01,4.989575647640132061e-01,4.364757275051510121e-01,4.908543885143675789e-01,3.930084093604441775e-01,4.987076976895795655e-01,4.958038661791928092e-01,4.966209181731041644e-01,4.928703163878586091e-01,4.975058557879720178e-01,4.989781644582895748e-01,4.449346155822315740e-01,4.984985625934166276e-01,4.962794426278961391e-01,4.925897756521722681e-01,4.206115244017177290e-01,4.984465357964514287e-01,4.964311143464938403e-01,4.985508845449964088e-01,4.916325478147581252e-01,4.223699551651949879e-01,4.991856798905661696e-01,3.051846704826231549e-01,4.840617974793580691e-01,4.966309267652385118e-01,4.647855193685684339e-01,4.967983467529263897e-01,4.781224888078645097e-01,4.928251328917258034e-01,4.970126276285422029e-01,4.983638804290235758e-01,4.425445623331891731e-01,3.971020449549542142e-01,2.645544434068616835e-01
4.724590548789482369e-01,4.970342880337070279e-01,4.825334961165271275e-01,4.976834815314378768e-01,4.882126031596847326e-01,4.922304846073735640e-01,4.535779202625143669e-01,4.991251592175749985e-01,4.895251597148629896e-01,4.993457468495587914e-01,4.676508876492436184e-01,4.505423709413293176e-01,4.986129332962402350e-01,4.256426508639525319e-01,4.569123020639682675e-01,4.940608907722729981e-01,4.984283253823302284e-01,4.988070175647160709e-01,4.677154774624911471e-01,4.500996247038020481e-01,-4.821166152931325691e-04,4.989796782251585960e-01,4.930528589287470620e-01,4.974121180283695431e-01,4.931239029892671155e-01,4.957815563982649332e-01,4.983091636544184078e-01,-2.934678677575212891e-02,4.982886227474102037e-01,4.961802178640304928e-01,4.888478052043734867e-01,4.415507409118358262e-01,4.944286081036859959e-01,4.979474226722204189e-01,4.981989168914330857e-01,4.990399428242636715e-01,4.918673854606014362e-01,4.958838010651986927e-01,4.184792077318194581e-01,4.897409420506109168e-01,4.944297659591824212e-01,4.950193320381645057e-01,4.985042685032409771e-01,4.723900358955135936e-01,4.985456400341369831e-01,4.547046778119041011e-01,4.982032065605980220e-01,-2.527490603132438035e-02,4.721445247747219631e-01,4.203979398413112967e-01
3.060100435231105642e-01,4.943054680586598248e-01,4.964803325406663692e-01,4.942379030977059329e-01,4.942427941650344159e-01,4.946211728676020991e-01,4.920429316968812916e-01,4.842740542134590376e-01,4.959600048929837524e-01,4.992918780638856968e-01,4.632405840414794973e-01,4.918457354821056948e-01,4.984267410816812793e-01,4.586763888229064001e-01,3.036452524887695015e-01,4.978617232707016615e-01,4.987296477197062372e-01,4.991735712835436711e-01,4.623248859918547837e-01,4.443099847824405479e-01,2.639060669814496940e-01,4.983580705711249670e-01,4.782767298875110207e-01,4.959246967606800727e-01,4.926176183851236901e-01,4.944710925008662383e-01,4.958707117982328882e-01,3.812681514960569173e-01,4.829704539511118777e-01,4.801519463659174591e-01,4.637533431610937340e-01,4.514958103304801407e-01,4.941688318100895261e-01,4.988376928376441199e-01,4.827239882326634368e-01,4.976913865331162312e-01,4.933981227072673503e-01,4.987646767319359187e-01,2.730913419085783111e-01,4.499322124376201604e-01,4.948732218926775173e-01,4.972625972262212923e-01,4.976838390058766493e-01,4.574468398220016829e-01,4.970354891087742644e-01,4.924586725917488583e-01,4.816431995645124586e-01,3.801269329002837649e-01,3.054479812144010320e-01,2.765028488323576505e-01
2.665775925457815054e-01,4.777309973996988202e-01,4.755392788197197462e-01,4.208773910218889247e-01,4.893146704450376250e-01,4.304039800470280119e-01,4.936058167819565856e-01,4.992989987985049227e-01,4.934765945856750546e-01,4.982140148298838667e-01,4.861763699568244501e-01,4.935607534904288274e-01,4.852570161370761692e-01,4.881892832327215381e-01,2.651082429559010190e-01,4.973202140172434671e-01,4.979011855844752699e-01,4.987771490223512072e-01,4.892629878546598254e-01,4.925846008267454890e-01,4.813560075922725390e-01,4.832778290876131311e-01,2.492187618640866464e-01,4.942155441150589690e-01,4.801442962782114798e-01,4.953155301861110749e-01,4.668392971920662382e-01,4.943167204526596192e-01,4.972142848510200386e-01,4.979996330280252459e-01,2.909534130602276503e-01,3.295071539968198460e-01,2.208125368481390349e-01,4.981172503297581211e-01,4.963841754127521488e-01,4.990442829379944101e-01,2.419471434678344135e-01,4.799249237791795575e-01,1.887481054821567306e-01,4.973590525597082479e-01,4.962542585985939558e-01,4.954355234215705450e-01,4.979450733820839914e-01,4.569765767202390028e-01,4.963121841155230807e-01,4.909202524811691060e-01,4.425190092228002414e-01,4.967484705108293763e-01,2.393330990333928654e-01,2.534825837495091605e-01
-2.125255046147661864e-01,4.500492352253740447e-01,-1.931187801317981595e-02,4.783872482945839000e-01,4.106336264004360470e-01,4.859384670924538074e-01,4.900639931832969087e-01,4.812809565528280431e-01,4.777820798935665803e-01,4.811918566087226012e-01,4.847263264584636411e-01,4.807829941678616326e-01,4.691738771983273160e-01,4.780663210455040613e-01,-1.763476876329138077e-01,4.819265419918963844e-01,4.813665748003395639e-01,4.868178442279716411e-01,4.844150526710431781e-01,4.871988099358095514e-01,1.847162638245412325e-01,4.736697799053690705e-01,4.562429799640568828e-01,4.835292440820051496e-01,4.716682636016468755e-01,4.753007993140367926e-01,4.916148475099796356e-01,2.962012179668783718e-01,4.499031430719015456e-01,4.839198794339018561e-01,4.831562653613962199e-01,4.404363578884576969e-01,4.898553990408035519e-01,4.780398292385151238e-01,4.838665508573922192e-01,4.630642441196012871e-01,4.748038703158849461e-01,4.801803550981800228e-01,-2.056686290840119280e-01,4.757296241810723414e-01,4.047547705686613817e-01,4.850883653016172525e-01,4.730696515755896114e-01,4.742683643638472835e-01,4.813769849725307859e-01,4.854057156396635597e-01,4.761011808043046911e-01,2.796413752684280829e-01,-2.101033361555134926e-01,-2.002836717841322278e-01
4.587569587479145561e-01,4.871239787015074207e-01,4.928011067842634763e-01,4.969112533074134808e-01,4.931894173625772648e-01,3.008716743636750679e-01,4.859906083063659787e-01,4.963141890889459229e-01,4.974167764960171212e-01,4.961070381520397143e-01,4.888548780618315881e-01,3.975566080294861138e-01,4.903269927147583251e-01,4.872073537076379579e-01,4.643501694356773069e-01,4.013357596237090985e-01,4.983624422334823056e-01,4.984213729186175446e-01,4.872842586651759955e-01,4.820481275083502437e-01,4.548331420905388223e-01,4.818110715254588228e-01,4.977359628637146316e-01,4.038657859669423367e-01,3.253803438899443568e-01,4.909982261853868546e-01,4.888687658356330457e-01,4.811307107443275055e-01,4.953619857931506054e-01,4.973042579485844605e-01,4.900309046395349144e-01,3.778572085449614093e-01,4.986283455799926378e-01,4.039959860084812449e-01,4.986572659329379098e-01,4.928238399874398379e-01,4.937695859720983016e-01,4.940224114254502252e-01,4.624144493747122109e-01,4.021135597036660236e-01,4.859895284848653740e-01,4.821484940322649515e-01,4.584493794679844192e-01,2.876765149577257819e-01,4.864483727494938181e-01,4.882872014088032731e-01,4.930591526911960454e-01,3.848322963805946850e-01,4.725504694873888245e-01,4.482698699380869289e-01
4.882615058442532630e-01,4.977164098745931464e-01,4.998644651898825897e-01,4.999320510217706848e-01,4.996036246147879112e-01,4.989140067548413771e-01,4.855264965852276737e-01,4.998294424709787687e-01,4.965735538716490871e-01,4.899799227343807351e-01,4.544127656795954873e-01,4.919354121029152482e-01,4.990544800295940164e-01,4.757838808950519138e-01,4.924192291975067470e-01,4.920991857942431102e-01,4.999751188588766326e-01,4.999528008512008626e-01,4.543985626338955530e-01,4.918712688766203600e-01,4.705632480025981335e-01,4.999229395582704405e-01,4.989413193381512235e-01,4.993364642330997416e-01,4.986745510581225282e-01,4.946961540087239095e-01,4.997297949399375772e-01,4.851073132223456263e-01,4.970444193249892173e-01,4.994271511468386104e-01,4.956405793734112164e-01,4.244570261372763720e-01,4.999149023623227217e-01,4.995430602875313153e-01,4.927924036749721237e-01,4.966969154295371447e-01,4.943198769685374083e-01,4.977832330987499443e-01,4.856487881433314557e-01,4.983688607309536001e-01,4.970005334750312032e-01,4.535455124823128958e-01,4.926820301450811068e-01,4.873530227200790210e-01,4.993716074399642268e-01,4.898957957151173770e-01,4.978557950204693938e-01,4.848144569900044165e-01,4.951399496493359975e-01,4.280562255365201185e-01
4.998519671676323606e-01,4.916510081707773372e-01,4.921216061624683058e-01,4.999909898536246677e-01,4.998618951407558519e-01,4.915287366896330945e-01,4.973809608916741065e-01,4.999942143056821386e-01,4.796722870037821718e-01,4.999787864536365256e-01,4.990758234164304752e-01,4.907290655019480030e-01,4.999756193388971148e-01,4.965860805189710181e-01,4.918449273518225584e-01,4.998813259862618374e-01,4.999945190945121465e-01,4.998595708927158210e-01,4.989248115434325448e-01,4.973728119303562623e-01,4.997744963146762420e-01,4.999947164738674510e-01,4.996329444795100105e-01,4.999832288234819511e-01,4.999643610471374844e-01,4.939646689425037374e-01,4.998268058790871771e-01,4.999398463217986643e-01,4.916280339363054419e-01,4.997977834241824624e-01,4.912679528626897052e-01,4.918495604656836218e-01,4.998417457199051395e-01,4.998543123964869772e-01,4.979195562722189550e-01,4.940240652873513771e-01,4.995283410862770279e-01,4.998733549781202989e-01,4.969505052570754033e-01,4.998274862822227882e-01,4.935499478032093768e-01,4.978850713303759057e-01,4.998531202308207910e-01,4.903213638443922329e-01,4.979293479327476235e-01,4.974546924075118892e-01,4.937928793896156909e-01,4.999301511727735070e-01,4.978986258154993183e-01,4.963079361291073965e-01
4.998957576543494041e-01,4.995153268522370960e-01,4.996282004910800323e-01,4.999765795560633941e-01,4.999770863759834816e-01,4.992989922101855882e-01,4.987712344092598560e-01,4.892819603780400595e-01,4.995475834730470632e-01,4.999739544082756892e-01,2.664200393509335019e-01,4.973363243804493905e-01,4.999669291555788320e-01,2.656664918777627560e-01,4.979379025700258476e-01,4.999088058222812547e-01,4.999658285090385346e-01,4.998765672072015276e-01,2.661340277218374184e-01,4.184158453891849705e-01,4.188963507226716732e-01,4.999883077876877135e-01,4.617789822860400295e-01,4.986244405083149478e-01,4.998984288724277469e-01,4.997346481951524533e-01,4.995183907310007942e-01,4.996438449630694612e-01,4.887220950111493267e-01,4.628368311295638637e-01,4.093363374870686577e-01,4.962507875013504322e-01,4.997115993102184683e-01,4.998734959537398659e-01,4.892221582235555255e-01,4.998989316793978066e-01,4.996104874182814015e-01,4.998732183495313564e-01,3.803672035824312014e-01,4.183093247988529662e-01,4.993603846078921715e-01,4.998412765322751694e-01,4.988673733793558829e-01,4.850511556611903363e-01,4.999802732001997208e-01,4.987556448461528680e-01,4.888885602145213727e-01,4.995977934789684327e-01,4.998685281860145158e-01,4.979575274653796346e-01
4.862548085561144151e-01,4.990308947573981468e-01,4.783990106685364618e-01,4.059573983176782419e-01,4.990294732671586297e-01,4.360947793859412669e-01,4.951960062634200299e-01,4.992739153312767408e-01,4.991745551222044330e-01,4.996797422027515201e-01,4.362596051806258979e-01,4.950154568155452073e-01,4.959281162708772950e-01,4.514158694973768315e-01,4.801460358763781633e-01,4.986305795506661420e-01,4.983517979419883059e-01,4.996600866137278496e-01,4.560089440134298400e-01,4.882889975402784355e-01,3.696323081689478762e-01,4.755085518306992332e-01,4.837080115954545678e-01,4.988263667288285741e-01,4.970177748476001245e-01,4.986087257806907092e-01,4.964215555170305438e-01,4.406957775274752409e-01,4.987760848911559353e-01,4.916303329598409322e-01,4.862081136662043668e-01,4.564923229895548884e-01,4.315935628584498529e-01,4.971160748794087869e-01,4.952697934433371585e-01,4.997049534278947824e-01,4.916222810039724833e-01,4.986946286128398631e-01,4.472621890178564708e-01,4.909798933557013023e-01,4.990001245333660074e-01,4.992308546964800975e-01,4.918978748626187114e-01,4.570392432272439853e-01,4.998876244820181780e-01,4.935147155458994850e-01,4.373200909974101491e-01,4.369132151059227920e-01,4.223375902760455047e-01,4.795736704183038435e-01
2.072726627800365873e-01,4.000848091770412562e-01,4.850976293682410234e-01,4.071083388207177856e-01,4.224232412037683404e-01,4.778170349090398172e-01,4.971815285315696609e-01,4.888998456221326783e-01,4.665912455199023312e-01,4.916240039287785302e-01,4.617189228302885362e-01,4.455446720586525577e-01,4.770052151335042456e-01,4.645280204380542455e-01,1.993842480991487587e-01,4.589700622808459141e-01,4.829307758833862874e-01,4.635415400721752399e-01,3.688918176524390580e-01,4.718674216776535535e-01,2.185199937809941678e-02,4.867741302369849588e-01,4.357339315989082751e-01,4.079002965220840382e-01,4.131762873412380688e-01,4.509716533311016184e-01,4.040425410803019646e-01,-9.289034977224781831e-02,4.728651345652741256e-01,4.204493921776136234e-01,4.788429539548293423e-01,4.574035732741796867e-01,4.516710126812914505e-01,4.836190139984591907e-01,4.941136051040091459e-01,4.841403608223580624e-01,3.815241572248284641e-01,4.838481893553507329e-01,2.247772055463748420e-01,4.733027283053323209e-01,4.560723454628010654e-01,4.584832962849357818e-01,4.693550059844074362e-01,4.022897440200329244e-01,4.863130990618176885e-01,4.971035935177515741e-01,4.866424814437211865e-01,-1.015822753635763909e-01,2.233417240696519979e-01,2.081132554384631517e-01
4.074721448747655184e-01,4.191697453126675965e-01,4.413718596994684051e-01,4.903165206825727540e-01,4.662948142998172285e-01,3.204281865160490961e-01,4.874222754113069489e-01,4.976423339517859201e-01,4.938391198816019512e-01,4.924101625718806385e-01,4.301388077712560709e-01,3.974044465484725674e-01,4.569553567388243698e-01,4.790883041368746986e-01,4.688829678364345721e-01,3.954150288683410674e-01,4.936773340241581431e-01,4.948996666581584325e-01,4.368473737733445939e-01,4.692091699721980813e-01,2.786263968007215985e-01,4.639109570614624589e-01,4.809935925823139446e-01,3.985095111166753745e-01,3.224991183822644158e-01,4.729258479361991840e-01,4.616550647444706557e-01,3.802338672627639804e-01,4.838544525841148580e-01,4.834497912665671193e-01,4.584617271925065518e-01,3.442224865521113508e-01,4.944815777303937510e-01,3.943236428489607093e-01,4.972705595692865632e-01,4.849686641199988379e-01,4.886445024977603135e-01,4.963358866096278521e-01,4.565077049575867463e-01,3.885564097335202915e-01,4.921332135797533147e-01,4.585005502923268361e-01,4.530883008072302265e-01,2.708406206061667598e-01,4.339412472390332676e-01,4.848369416646184371e-01,4.534362528256568603e-01,3.117554988505044089e-01,4.922023515630188362e-01,4.416503579358952991e-01
2.179303915988735352e-01,4.895898722232869260e-01,4.769582940780104918e-01,4.829940758374395293e-01,4.807218195083244883e-01,4.942748719035404137e-01,4.863691047763468722e-01,4.988662166913958029e-01,4.978693843055137513e-01,4.974903538536671332e-01,4.885693832436119322e-01,4.910242798988150303e-01,4.983100999312317647e-01,4.761897720879439411e-01,2.133808010016402246e-01,4.884477227875063110e-01,4.979786670318110398e-01,4.991002607168668059e-01,4.884371592669048412e-01,4.921513981965285889e-01,3.138916139871733013e-01,4.911442138281933434e-01,4.948051091466123541e-01,4.958374925033846581e-01,4.837537916838449137e-01,4.980776217374665027e-01,4.977086610999602034e-01,3.966503839155751110e-01,4.985311686927183517e-01,4.982982224883431566e-01,4.911332183094165860e-01,4.936913252232867366e-01,4.964137928597449068e-01,4.887003012926824930e-01,4.911502483099451366e-01,4.981220531803683960e-01,4.950555640820709091e-01,4.988729442493738397e-01,2.176379018034165780e-01,4.926136012154893606e-01,4.952310786671050291e-01,4.949526440363274382e-01,4.908672913877851762e-01,4.893085313979592677e-01,4.991677079289255636e-01,4.945342589903976016e-01,4.992704391293973365e-01,3.933280661366785891e-01,2.185509293081117910e-01,2.165539815985614014e-01
4.625937087917617596e-01,4.620741834702747908e-01,4.822737337868076013e-01,4.989609095373990222e-01,4.959024469334705199e-01,4.921901503223529706e-01,4.969767059670215925e-01,4.992682514016713036e-01,4.947424229092349801e-01,4.987460299025454624e-01,4.960956977213353825e-01,4.954200319683365050e-01,4.882588979679490238e-01,4.918147536099298223e-01,4.531796943878517170e-01,4.977180556114648158e-01,4.984523939561703032e-01,4.991961441628474661e-01,4.959193082738127534e-01,4.852622468338314010e-01,4.910356907983310926e-01,4.990798366732726588e-01,4.917559163622783336e-01,4.977531824858873466e-01,4.828563800310498588e-01,4.955908438925596404e-01,4.982822238121234482e-01,4.983760779679259900e-01,4.538161189369124271e-01,4.943281970419887150e-01,4.831985681653296894e-01,4.883516192011451706e-01,4.959820823260676637e-01,4.980577820602560823e-01,4.982416762360634688e-01,4.993116279020879400e-01,4.830411903046920585e-01,4.952272430283402027e-01,4.541301476086613831e-01,4.858882356106851153e-01,4.503952730950088745e-01,4.908153145475219747e-01,4.942929994679146066e-01,4.774912199244255584e-01,4.976792474753878870e-01,4.841620687090862907e-01,4.635138881116360188e-01,4.919513674799310121e-01,4.638407559269719371e-01,4.361812067505604906e-01
4.642664631415312493e-01,4.946905485266386293e-01,4.975923487172807524e-01,4.962261928279997902e-01,4.926405609410802744e-01,4.955759982674552977e-01,4.980303183535071399e-01,4.919361143219101451e-01,4.972147041368839560e-01,4.993348853207344451e-01,1.215474358781045705e-01,4.970034603294707365e-01,4.990737297245925741e-01,1.215655786010917810e-01,4.562281974627475645e-01,4.969921908214579021e-01,4.988035792872941854e-01,4.991408258293522082e-01,1.217419004917699721e-01,4.353540080573962689e-01,1.593562706391769270e-03,4.987252115095386906e-01,4.672546819218680314e-01,4.965452154898020720e-01,4.945593528739126721e-01,4.943334303462041390e-01,4.972026466932986666e-01,-5.447476213807235512e-02,4.899619782553416569e-01,4.668806774637864754e-01,4.915193628734014775e-01,4.885008368663550371e-01,4.976204225785878510e-01,4.985507133830297533e-01,4.915208396341378960e-01,4.989818431810406629e-01,4.960448041851341916e-01,4.964137466282795841e-01,4.345257217515636761e-01,4.346006634840413607e-01,4.954490323866834189e-01,4.940333717591770535e-01,4.959742796188866820e-01,4.804549364326341498e-01,4.971929500160682802e-01,4.966610073696743344e-01,4.888187091288919151e-01,-5.450379990236096234e-02,4.635300035826642184e-01,4.555130979512285738e-01
1.752587438920597540e-01,4.923439295854290521e-01,4.744947129291054444e-01,4.443460350399393022e-01,4.896308798821005226e-01,4.688130079888804258e-01,4.925118116784916178e-01,4.995490468086501434e-01,4.939953983451694786e-01,4.992070440146261778e-01,4.644832732025916955e-01,4.940042313572783339e-01,4.962493407944503776e-01,4.869782276882577143e-01,1.644697865855072605e-01,4.969224025926603505e-01,4.985348769427395133e-01,4.991125950267734090e-01,4.917530487050792987e-01,4.938298409476524209e-01,4.223892920031922515e-01,4.838844440579777029e-01,2.896119790123845572e-01,4.947092012123748273e-01,4.938064547179718544e-01,4.915954451881335840e-01,4.945320868719317309e-01,4.657890149642683331e-01,4.964753935577255195e-01,2.955872296802390387e-01,4.675046886274794589e-01,2.921133601320135553e-01,4.602516678757351820e-01,4.968262677266376270e-01,4.966572779859621534e-01,4.970286799243448517e-01,4.867130437444843194e-01,4.957835686987892565e-01,1.744896617669621786e-01,4.976720545795247364e-01,4.960967657102340889e-01,4.953657443480002365e-01,2.961289039862656236e-01,2.794916737857919276e-01,4.983251070674508676e-01,4.904202613611172157e-01,4.689738344842429019e-01,4.466072325508545493e-01,1.593897949466877018e-01,1.723229261038875804e-01
8.962779692031409839e-02,2.707784434382141114e-01,3.461664111678507960e-01,2.646416612664580503e-01,4.123181700829025020e-01,4.743507744541769489e-01,4.938448543792350875e-01,4.965125285651567077e-01,4.827236331011940385e-01,4.911521759377152629e-01,4.824724415659037979e-01,4.440474656951348686e-01,4.803954733681286560e-01,4.791707400494629732e-01,8.651831749433103180e-02,4.519171174740853614e-01,4.917371020431295370e-01,4.536937656030702870e-01,2.425871142101335698e-01,4.696307009561396240e-01,3.445716718315985916e-01,4.898939060715125082e-01,4.373668794017708805e-01,2.647334591307131113e-01,2.638150568200379187e-01,4.449166648559900183e-01,2.657909452359260016e-01,3.454357325284783675e-01,4.794538474923524252e-01,4.102417950561963456e-01,4.769974267280470137e-01,4.742792870243477399e-01,4.422909488716858517e-01,4.917377606965366299e-01,4.961509061959686884e-01,4.852642869142322901e-01,3.455632836333320523e-01,4.867247326912080285e-01,1.008646976801081258e-01,4.832782075944169753e-01,4.526113033758203397e-01,4.450715958132366312e-01,4.854182955907590524e-01,2.635213010578956738e-01,4.923303812573443516e-01,4.909729538006235017e-01,4.912581011458795333e-01,4.039823721407996837e-01,1.002779386430154990e-01,9.247261501446479848e-02
4.427111014636460617e-01,4.250434551054168009e-01,4.334353295855699062e-01,4.900832542573508865e-01,-1.533021100556462152e-02,3.409768027389485368e-01,4.752200594191812733e-01,4.986288887113994317e-01,4.933476828354253496e-01,4.736621253186571456e-01,4.635886256641465475e-01,3.645910558748420294e-01,4.574686197374681629e-01,4.902969929804385507e-01,-1.601009365206187973e-02,3.713614185415151647e-01,4.802039295071555691e-01,4.974894304263668965e-01,4.511264527482455322e-01,4.884554665610719715e-01,3.392835732042358554e-01,4.784609890753757089e-01,4.699034278956991662e-01,3.623231466288913127e-01,2.692978201483328671e-01,4.785120761550936686e-01,4.833152437116351452e-01,4.206182651624524316e-01,4.850790507291620202e-01,4.739153782644668356e-01,4.641431874607704344e-01,3.467567009851352799e-01,4.926319645467635566e-01,3.641010489511936066e-01,4.944799061008054442e-01,4.862323878393919330e-01,4.745810910145804584e-01,4.912971507003202620e-01,4.580515761931050478e-01,3.711980225081935036e-01,4.707814514387413940e-01,4.410272272561698848e-01,4.669987400359883467e-01,2.802539906066466857e-01,4.343080532872544142e-01,4.795764638579818606e-01,4.661413653595219975e-01,3.138738603892492485e-01,4.917212019215805308e-01,4.274213478379934039e-01
4.950581920655675039e-01,4.873210074483895204e-01,4.991782102151804956e-01,4.845681242638572583e-01,4.975156690387169123e-01,4.983539533231041707e-01,4.918860404934069508e-01,4.959301464180680963e-01,4.984457935888528812e-01,4.954228527356869249e-01,4.903994389747816651e-01,4.887512964637489299e-01,4.982708354462473399e-01,4.786292605845295922e-01,4.914648885748451601e-01,4.941137018782691404e-01,4.994524086537974195e-01,4.997709550880959362e-01,4.895834673894468025e-01,4.953536012293193735e-01,4.483213349573323403e-01,4.912504307222081978e-01,4.988656128993131933e-01,4.988233278902164392e-01,4.912177267903553024e-01,4.990468400034552277e-01,4.958266988446831114e-01,4.811822977044057925e-01,4.953659115787017453e-01,4.995905668390405174e-01,4.876172031885291913e-01,4.981276999427056151e-01,4.996714606513120716e-01,4.878699944596344706e-01,4.997742649612666455e-01,4.988334116785543837e-01,4.970245621793711321e-01,4.995715996491934541e-01,4.840959620376070194e-01,4.930648390173760220e-01,4.911141666458594957e-01,4.731903599849536790e-01,4.994119560926415513e-01,4.948013891535933406e-01,4.991318563263730801e-01,4.967888559296596562e-01,4.956213576477083160e-01,4.774566154191244305e-01,4.874470426589935790e-01,4.880933813897043172e-01
4.998510668173933857e-01,4.401416356383422435e-01,4.899187857142239255e-01,4.999424373800415711e-01,4.999655822663818805e-01,4.897927547368857715e-01,4.931587539997687730e-01,4.999288167032578389e-01,4.887203189987726071e-01,4.999404950098788047e-01,4.937650057315947638e-01,4.944747675288259092e-01,4.949569777831733242e-01,4.804208673606513158e-01,4.809848127616706548e-01,4.982973845785549916e-01,4.999908543230031643e-01,4.879156965521871947e-01,4.937107781489725178e-01,4.885573867033287110e-01,4.841649066517185740e-01,4.999779313775140621e-01,4.996807900502437949e-01,4.997424187443483823e-01,4.949382682942409240e-01,4.917722516496686458e-01,4.999422461615931068e-01,4.929734315417312329e-01,4.356138751262997322e-01,4.998898920888782405e-01,4.403057322144536823e-01,4.875381221922995278e-01,4.878332730596850464e-01,4.879221109340420304e-01,4.996292363318657892e-01,4.990239932473019002e-01,4.932670401954187267e-01,4.922033560786082673e-01,4.416457802294688206e-01,4.935039134382166459e-01,4.359818483490467411e-01,4.923060089888648405e-01,4.999539022249812614e-01,2.563240817278389372e-01,4.996505823769170074e-01,4.826383888817661894e-01,4.403790211122617926e-01,4.928392379913937860e-01,4.994971366152841097e-01,4.880588086819596105e-01
4.999037574097923708e-01,4.998807048257860042e-01,4.999495602887544243e-01,4.999673359054236377e-01,4.999897822604299491e-01,4.998867271854004479e-01,4.991911690820545200e-01,4.996741438979065419e-01,4.994408118760685356e-01,4.999798760847470325e-01,3.695393063286377955e-01,4.983821583262533217e-01,4.999866494262975580e-01,3.689954573860689813e-01,4.886445530105225088e-01,4.999186125867225994e-01,4.999944397424856413e-01,4.999765671125249167e-01,3.697413569666968547e-01,4.801008434751135590e-01,4.803046558193648230e-01,4.999927922471464892e-01,4.831087057595909728e-01,4.888325349219811433e-01,4.999706465801367350e-01,4.996147375932071810e-01,4.998797705967430449e-01,4.998953681583801489e-01,4.995220184095682248e-01,4.942227619310688436e-01,4.962464799665471937e-01,4.988831151411536879e-01,4.998991055838074571e-01,4.999709736397183191e-01,4.996568714425696500e-01,4.997280089702395567e-01,4.996346805580866302e-01,4.998882140924076900e-01,4.922436844184746030e-01,4.702972692797373067e-01,4.999151495571819148e-01,4.994058156961151962e-01,4.999339321437464290e-01,4.992987290567678094e-01,4.999865435988394835e-01,4.991026701104261942e-01,4.996211946457669861e-01,4.998693309899018278e-01,4.998214520568866059e-01,4.990700580000895781e-01
4.867311480449214023e-01,4.991571113068975496e-01,4.985134194550275843e-01,4.978791877699875745e-01,4.997193465326905115e-01,4.990853313200676600e-01,4.972733712026341513e-01,4.999538404739214958e-01,4.978039003398153639e-01,4.998235896975571912e-01,4.536068728462493982e-01,4.970593272238192917e-01,4.992008972226975039e-01,4.920568638554330132e-01,4.488318742603301659e-01,4.993997294409941445e-01,4.967185532613646592e-01,4.998483168612054550e-01,4.944215916356377027e-01,4.953331874988992078e-01,4.959481178759966302e-01,4.989657130415235953e-01,4.957641651425188645e-01,4.981258955562354318e-01,4.988966253257038908e-01,4.926527827577614760e-01,4.984160280618211147e-01,4.997927669737327605e-01,4.997630709832365792e-01,4.984577882170426744e-01,4.560531038472676602e-01,-8.549882893317178878e-02,4.986668032672882944e-01,4.994906578746868275e-01,4.989184631089657040e-01,4.987420517397035957e-01,4.985459181933307726e-01,4.994676616671842595e-01,4.816673575774284011e-01,4.957360853020084113e-01,4.994411355457636925e-01,4.995150620647691442e-01,4.991337932417171386e-01,4.965771579790452805e-01,4.999471773003452135e-01,4.973756945117390749e-01,4.996154186098340499e-01,4.597178994534654173e-01,4.499287038828467256e-01,-9.503860792707191640e-02
3.942546596727389829e-01,3.462266352591363283e-01,4.914095982822393460e-01,3.442938703063701533e-01,4.709333138417156062e-01,4.553601576913909876e-01,4.935906571943492471e-01,4.992811576887275504e-01,4.847623330251796259e-01,4.967482364826067975e-01,4.887673890741002780e-01,4.857866863246703137e-01,4.856525159635006750e-01,4.932368269498301205e-01,4.020908082852110987e-01,4.900206986116402152e-01,4.861710601914351892e-01,4.870463317367857425e-01,3.531657752224297009e-01,4.820133145559563626e-01,4.838237644630489220e-01,4.966809121184491138e-01,1.892360118495279298e-01,3.500242092696350671e-01,3.505259988556849171e-01,4.792266954138384993e-01,3.575015179904501572e-01,4.757009123995502020e-01,4.857459667596447650e-01,4.441529574002512359e-01,2.643495248312513479e-01,3.564752510420153842e-01,2.066845940887229727e-01,4.935216171340011115e-01,4.894254413881892751e-01,4.950742750591082264e-01,1.830475102444692748e-01,4.712721767486704461e-01,4.043811965506425299e-01,4.847272039810643918e-01,4.710557203456798847e-01,4.831576448300954896e-01,4.474045680346706022e-01,3.215064408381453354e-01,4.966375431336673696e-01,4.930102365123793517e-01,4.949159049413979217e-01,4.744460435209583715e-01,4.099886466704279475e-01,3.138377981853955334e-01
3.807940761201147328e-01,4.768657405584776354e-01,4.630270707975881472e-01,4.768510668075441328e-01,3.276921943868978948e-01,3.639488267167146907e-01,4.749065716557004380e-01,4.924585602908583271e-01,4.914109609114298283e-01,4.742243062157804889e-01,4.597897425780931302e-01,3.684163271993966537e-01,4.788390152648878684e-01,4.643609620501915058e-01,3.691514104936146068e-01,3.704850463213705813e-01,4.793641475606554847e-01,4.831720475985598062e-01,4.598771111891086782e-01,4.838015630267325506e-01,9.020793035346512390e-02,4.825994512910650180e-01,3.747235132726411400e-01,3.640533225302695075e-01,2.773950936625841357e-01,4.694180031414970644e-01,4.786475591367337912e-01,-2.470772942532018235e-01,4.797067826188705086e-01,3.729828357369106007e-01,4.789619320872913755e-01,3.293410778197753408e-01,4.841267501751110314e-01,3.679008408095750249e-01,4.839246803783335271e-01,4.846960422013831260e-01,3.538223956303114814e-01,4.804957251385428285e-01,3.782007101747424382e-01,3.617027257296380749e-01,4.719034181838707709e-01,3.371620987606541719e-01,4.805884854840514198e-01,2.703854259729238652e-01,2.869565874510455195e-01,4.590925191071020262e-01,4.753609073793389483e-01,-1.827351807431316089e-01,3.915766716982453932e-01,2.315313354321026640e-01
2.683072336488946941e-01,4.893953018262214849e-01,4.722003444951858864e-01,4.970039828283077665e-01,4.951053822042926211e-01,4.937539049967379357e-01,4.984274527400193722e-01,4.985183653289909089e-01,4.979187981249751371e-01,4.984506962329251500e-01,4.971091747137078576e-01,4.950005350316156183e-01,4.954318837248603002e-01,4.957706995583254783e-01,2.676610963056517134e-01,4.974493295597799958e-01,4.917696533206579179e-01,4.991101811476624239e-01,4.943540885787773842e-01,4.830290827497658035e-01,3.973300215265945790e-01,4.955531536011458238e-01,4.876933716319787893e-01,4.942127533268881878e-01,4.906253961776591566e-01,4.985563463296433517e-01,4.971163857093106597e-01,4.510319513974989647e-01,4.981645376284134508e-01,4.930090245134781113e-01,4.943039430920198041e-01,4.340521268403094712e-01,4.935622168202339899e-01,4.968233071775512433e-01,4.980289802253659581e-01,4.982000912855115149e-01,4.936112442924435184e-01,4.981928160000214656e-01,2.670240179107254419e-01,4.813999161439605490e-01,4.793621542692055315e-01,4.648980700862757609e-01,4.915308254562263390e-01,4.921949946857847591e-01,4.823847690643231489e-01,4.984196959005262051e-01,4.977094755105767043e-01,4.480931221139625720e-01,2.695518572889595843e-01,2.455028929966371343e-01
3.716732204884189428e-01,4.826653806029757021e-01,4.858735930902722822e-01,4.983842899502371471e-01,4.872964559607610435e-01,4.945745803335510060e-01,4.435776003756579100e-01,4.994463089811872480e-01,4.972089123462637428e-01,4.992448898987612016e-01,4.918620251118397957e-01,4.914343267276481964e-01,4.985895159705545643e-01,4.217176361568264475e-01,3.209912199441554148e-01,4.477370150283040973e-01,4.985969422931341155e-01,4.740721009100225536e-01,4.919800291578360074e-01,4.924152747602259517e-01,2.728760064910920602e-01,4.984177049942118964e-01,4.922004810591734114e-01,4.970417278479924983e-01,4.930373159742319489e-01,4.424090355152985321e-01,4.984305423569591054e-01,3.688851826042320869e-01,4.838959228178614236e-01,4.952461629116056696e-01,4.800883488831535484e-01,4.626521235373750041e-01,4.720542995489733773e-01,4.727956165344631700e-01,4.986139239908587983e-01,4.970684490358480145e-01,4.810053663158592729e-01,4.425396887359355214e-01,3.159476740511860671e-01,4.942623191604963995e-01,4.802907290799005025e-01,4.396668284605531052e-01,4.967824399148513814e-01,1.228538147672356418e-01,4.951593648398596725e-01,4.381683844886083423e-01,4.841757048239755390e-01,3.668667674213705321e-01,3.724478243360449525e-01,3.318670309150766884e-01
4.463279509634992537e-01,4.935688739117019552e-01,4.989240868247153959e-01,4.974874996918394743e-01,4.918764713484625739e-01,4.963033487269042920e-01,4.974347186947490895e-01,4.996678944342610729e-01,4.918491492620253314e-01,4.992017901554154924e-01,4.892023023798851566e-01,4.964698549653597803e-01,4.984978618445261023e-01,4.825142623816473519e-01,4.365380380087229284e-01,4.969735149725010293e-01,4.986508092679867166e-01,4.991931912214446210e-01,4.875724669589240889e-01,4.965931811419854180e-01,1.446803121557163063e-01,4.988694159500643432e-01,4.884801946555745178e-01,4.967237155312338448e-01,4.942648777550947559e-01,4.857904698282610734e-01,4.971430260478034713e-01,2.650307705663258462e-01,4.954941765473687698e-01,4.903845025185004092e-01,4.846157367656336312e-01,4.790315214666531762e-01,4.981551979129715257e-01,4.982514298883286563e-01,4.988888392891641099e-01,4.925388762857532132e-01,4.943408625443537763e-01,4.943709030541921234e-01,4.325566046069024839e-01,4.960304687332444118e-01,4.943607303000369657e-01,4.928084388324648346e-01,4.953326770447990524e-01,4.756366349365878654e-01,4.978270040714429245e-01,4.928764861934508690e-01,4.959821330129500772e-01,2.688880182622304105e-01,4.468048885783433288e-01,4.353119829079040715e-01
3.910459494688077742e-01,4.922012846307046163e-01,4.840538417652476277e-01,4.906067064057527682e-01,4.984656511546812219e-01,4.903314372718826086e-01,4.985655621019805528e-01,4.995796750668312636e-01,4.946491953753173187e-01,4.991145789060636995e-01,4.541968892678128200e-01,4.978295487243669104e-01,4.990050420507744500e-01,4.832433817912315521e-01,3.689906873971059986e-01,4.980754761888941951e-01,4.938006403157240709e-01,4.992745625230703421e-01,4.811086795006672134e-01,4.936144117109285689e-01,4.529887217237956731e-01,4.986016313806262978e-01,4.852304835214977796e-01,4.952842700573156787e-01,4.942220002673468060e-01,4.869012143690971683e-01,4.956280964645305986e-01,4.795451403906455523e-01,4.959108284456937854e-01,4.929672618591065536e-01,4.591973515772158065e-01,4.441809348742998820e-01,4.845830976474023166e-01,4.988648752570781220e-01,4.990939364194096894e-01,4.964447762608460990e-01,4.916890069429465382e-01,4.973203182217974527e-01,3.855819156737109732e-01,4.962618015117883918e-01,4.947417237804364598e-01,4.967692206301836944e-01,4.925812654862087858e-01,4.786361701135839475e-01,4.989228176981960194e-01,4.973231005855234255e-01,4.920287739979001262e-01,4.483615264699660208e-01,3.676701928196582370e-01,3.605935368161700127e-01
4.763469846041478717e-01,4.743745292366736144e-01,4.241880054962245961e-01,4.763947711430561172e-01,4.664192628485404613e-01,4.465103210277401868e-01,4.913688651573821509e-01,4.984841860818523540e-01,4.476485958956460953e-01,4.979606067660777846e-01,4.676456720467137007e-01,4.929213241331057427e-01,4.788847845989492868e-01,4.815278300683917267e-01,4.702640866037021139e-01,4.955169538190437040e-01,4.776010068756281757e-01,4.922523124214452372e-01,4.740736657358333717e-01,4.854999587257058380e-01,4.837889558088628306e-01,4.964318613064716557e-01,4.508467378866594100e-01,4.700660911843847489e-01,4.634201357100815044e-01,4.915762863784631787e-01,4.845770341147071503e-01,4.860239892420052943e-01,4.863910855811882650e-01,4.740170969100759857e-01,4.197601283628664137e-01,3.227487213898354579e-01,4.454803195795221660e-01,4.922954113087666395e-01,4.806430508744519714e-01,4.957224541313909882e-01,4.551777475690296226e-01,4.775399445236292451e-01,4.562073169509487935e-01,4.751441051297188300e-01,4.683548250041246752e-01,4.905259663563538153e-01,4.508902004233994454e-01,4.403475928871461997e-01,4.948000127944668924e-01,4.934901966861528488e-01,4.932490933324441551e-01,4.803516498891594044e-01,4.814779725449550019e-01,3.472808890968938078e-01
3.906163033744433632e-01,4.226605570283742952e-01,4.016373876401893583e-01,4.526320655575076235e-01,3.636211991812943745e-01,3.401119891593125111e-01,4.756235895004534142e-01,4.754590065821685529e-01,4.818512493364798255e-01,4.717209765588092907e-01,4.464184988253582231e-01,3.534888966341998562e-01,4.521058504933653244e-01,4.545768675647207102e-01,4.233539280133377103e-01,3.415820502373910217e-01,4.245465760180369696e-01,4.521832048831945228e-01,4.595047514365008801e-01,4.752376470235344930e-01,3.279395058129842000e-01,4.631575579210112092e-01,4.144894857653689813e-01,3.522919248493667777e-01,1.496227770510037969e-01,4.505160232945607524e-01,4.620326195078818809e-01,4.308157491255956151e-01,4.564005251326257451e-01,4.082936245375854978e-01,4.219100959424265107e-01,2.908336854945751115e-01,4.221168173967009829e-01,3.413895656037331250e-01,4.192748073935866904e-01,4.686182916770255114e-01,3.508881483379772681e-01,4.253475026156752214e-01,2.452498399297414478e-01,3.326250896522356948e-01,2.638010473708947701e-01,3.876321555292480681e-01,4.451210407426378635e-01,2.926421963722608544e-01,3.637802267802149325e-01,4.316499092587338104e-01,4.577605748237904004e-01,1.997643396408968763e-01,4.354503140544649376e-01,3.376831339347580174e-01
4.969353177232168628e-01,4.873660328284534771e-01,4.987309415967473014e-01,4.991003201500919251e-01,4.815788919124268652e-01,4.952392176521173139e-01,4.990023642985041974e-01,4.995743821367603088e-01,4.961696849922386798e-01,4.991683386173428882e-01,4.873690804393149834e-01,4.945685972739106151e-01,4.985662631598795635e-01,4.806320817941414081e-01,4.762129842736122498e-01,4.990938056429684022e-01,4.976813419396570182e-01,4.991614880963353151e-01,4.868733816274277704e-01,4.879479105856497911e-01,4.887250499864700393e-01,4.979717562399424979e-01,4.959457869587518553e-01,4.900909040848442366e-01,4.989468305725180963e-01,4.917663880057980275e-01,4.993270605276496354e-01,4.971735948110925785e-01,4.908708223307415297e-01,4.956813481536238020e-01,4.667671827246821503e-01,4.917028148705044344e-01,4.988290233405858753e-01,4.983599865068675250e-01,4.992765408540234540e-01,4.878653088633935209e-01,4.985234340768605055e-01,4.943791933090639357e-01,4.718799420153605428e-01,4.952105513176392471e-01,4.894771553069794390e-01,4.851536335897011498e-01,4.960360262600398973e-01,2.875072580132644884e-01,4.937370920069654168e-01,4.939109287680322757e-01,4.910446480899390842e-01,4.967540999419415848e-01,4.982895416345740625e-01,4.964537637852648455e-01
4.991350015031277287e-01,4.940334771615975673e-01,4.984988923853421738e-01,4.999581660499621827e-01,4.991709803993185091e-01,4.980304960482930809e-01,4.151654202156930817e-01,4.999508115996045277e-01,4.844732298669238713e-01,4.939075049631131975e-01,4.827075200731861249e-01,4.975103577825717993e-01,4.995454053542449646e-01,3.744819303211141537e-01,4.246742066419083028e-01,4.174127820701150071e-01,4.999865309813250058e-01,4.939908043011458916e-01,4.822918405979829681e-01,4.950754940127472525e-01,4.840495361643141203e-01,4.999867051742402646e-01,4.964661345108856150e-01,4.997005428675446170e-01,4.998851139114228737e-01,4.181952126782307877e-01,4.996935796162085830e-01,4.976346142260300032e-01,4.941006610373397390e-01,4.995592547081570967e-01,4.779524763577429614e-01,4.934833836895440862e-01,4.937423513028990629e-01,4.938975216575437477e-01,4.997421025903552305e-01,4.820176723302962429e-01,4.479497572321678445e-01,4.292515303503340318e-01,4.175623786226999035e-01,4.926982648736510928e-01,4.940973128859363350e-01,4.197453069897976174e-01,4.997921922940160577e-01,3.777097578024157798e-01,4.957406429432094086e-01,4.281790813737432755e-01,4.938372742980146057e-01,4.944243985735779501e-01,4.997837120113977072e-01,4.165929011788075398e-01
4.998841319127364513e-01,4.998556660098071314e-01,4.999977273562662416e-01,4.999645316884904211e-01,4.999927462341806628e-01,4.999730203517669946e-01,4.997164243230488023e-01,4.999769301205765903e-01,4.998168628922690093e-01,4.999837929577907181e-01,4.999546709509410380e-01,4.996345480992308574e-01,4.999924504349894661e-01,4.997075339178914666e-01,4.997837113786983143e-01,4.999853114334827375e-01,4.999990204220117196e-01,4.999994464102480163e-01,4.998936706370732397e-01,4.996975399971996246e-01,4.998078622959916117e-01,4.999941718113404820e-01,4.966613391216223028e-01,4.999974579571389577e-01,4.999958066742659635e-01,4.999833613212516514e-01,4.998745566677336161e-01,4.999400770158784479e-01,4.999430161620884716e-01,4.997275224391279358e-01,4.879907344829407245e-01,4.998767282647627597e-01,4.998822332235520749e-01,4.999931644922167573e-01,4.999818225194366805e-01,4.999918004528274285e-01,4.997962173577484846e-01,4.999905631051036470e-01,4.996311270362035484e-01,4.999773274130002720e-01,4.999558604651732074e-01,4.999742876326638275e-01,4.999936375763909813e-01,4.993193084221680400e-01,4.999843493600903410e-01,4.997224863783021886e-01,4.999965611470570392e-01,4.999318161894452106e-01,4.999515760630981465e-01,4.997685142773627964e-01
4.987629005005234095e-01,4.990442145200695290e-01,4.993568041003247360e-01,4.986495712441968431e-01,4.999095555774735744e-01,4.990468799481555529e-01,4.988224953719815891e-01,4.993740704393343499e-01,4.985075985458596315e-01,4.999401631322169526e-01,4.867035959279193968e-01,4.984516261467810128e-01,4.997784852207311501e-01,4.985650926423151330e-01,4.939743863458783690e-01,4.995542779676842016e-01,4.955696380702744319e-01,4.999428271990403183e-01,4.992699991243961244e-01,4.989680647410340564e-01,4.905833335932219819e-01,4.995873290528439759e-01,4.939592857839050222e-01,4.982618898531755991e-01,4.991256107524833507e-01,4.948228084868731558e-01,4.990101130112728489e-01,4.953900031817499161e-01,4.992315601029408967e-01,4.991578848798657320e-01,4.792583685068971255e-01,4.988939918920270444e-01,4.989957379778063307e-01,4.998888239153235213e-01,4.986017306779021441e-01,4.998336566894138189e-01,4.994756514975356998e-01,4.999222415734231872e-01,4.975829492376821483e-01,4.980774699636278946e-01,4.994761606200709969e-01,4.998841492541491460e-01,4.991791876594953159e-01,4.982390040217738458e-01,4.999473895853879801e-01,4.991525381134640504e-01,4.987412317060060940e-01,4.913606292367965755e-01,4.950887430018032775e-01,4.989735175686809132e-01
4.624403583767331405e-01,4.928062324318929210e-01,4.990474876425805562e-01,4.911342432734442931e-01,4.906199699887141552e-01,4.848364851962092548e-01,4.909164426053418961e-01,4.973964064655363448e-01,4.218741299104682985e-01,4.878102400059481369e-01,4.767294378965165613e-01,4.950075168665558079e-01,4.916278075138788006e-01,4.914182109348840255e-01,4.673631547594154223e-01,4.964123804315229149e-01,4.689237287189404468e-01,4.922155598482569339e-01,4.866396933885524523e-01,4.898562065707813828e-01,4.932442207629534336e-01,4.990957342217732240e-01,4.822220452512440692e-01,4.842320621619737864e-01,4.847089836875996816e-01,4.956083189082348683e-01,4.905878325966090969e-01,4.885764446085323898e-01,4.984177701917161252e-01,4.940181966442090400e-01,4.712616607821411563e-01,4.726438606647496710e-01,4.289317658218865792e-01,4.979303606666087290e-01,4.872770300513945552e-01,4.994562624785062743e-01,4.881495734472326986e-01,4.926493858007796600e-01,4.472473409660763233e-01,4.670735425816975872e-01,4.939771649398446152e-01,4.984938660266775567e-01,4.869115305363417301e-01,4.756544424341296873e-01,4.939191029818471024e-01,4.961628345449043964e-01,4.990693597655689318e-01,4.990821432241862587e-01,4.706532877928851222e-01,4.471243314339049535e-01
1.633856406596772559e-01,3.964319969686655454e-01,4.357592765559305525e-01,4.387785369510739386e-01,4.020284881156264145e-01,3.341379454234859603e-01,4.715711330734278506e-01,4.630345773761575523e-01,4.732755237233882695e-01,4.589293588604108631e-01,4.675720932269600283e-01,3.428462440530781197e-01,4.457806048414134081e-01,4.615108043988973563e-01,1.811525884523199903e-01,3.461849406950753827e-01,3.970167538153085429e-01,4.470387740887523109e-01,4.643682799149725371e-01,4.466318968467696826e-01,2.947149677971215853e-01,4.219404034916472424e-01,7.503202003300755984e-02,3.464474730884080089e-01,9.329016586302918412e-02,3.143586343886959900e-01,4.649967430368911470e-01,4.331951014573170999e-01,4.655288881922422517e-01,7.768390373126461690e-02,3.599245383475912496e-01,4.302387787243647232e-02,3.916518596943219799e-01,3.299710391184130232e-01,4.023687150535652512e-01,4.714629246116956995e-01,3.614137139420898204e-01,4.018948965657799244e-01,6.509692385454049490e-02,3.369186387300816543e-01,1.664476137804561939e-01,4.616071513847497809e-01,7.562653695527356279e-02,4.810670997395107007e-02,4.719167664526818240e-01,4.527279504881336347e-01,4.640891648386976098e-01,1.405295168637375192e-01,1.821872759454883084e-01,1.588305488472523674e-01
4.130509065133385338e-01,4.820549176715627770e-01,4.638278024733233362e-01,4.940696608758248787e-01,1.761717713294683185e-01,4.749674614817430141e-01,4.948724778591153117e-01,4.988454606579558748e-01,4.973891129740747319e-01,4.990349828531210896e-01,4.901777166440131617e-01,4.852296332789244326e-01,4.917575923235028013e-01,4.911652113890778715e-01,1.502425183473246606e-01,4.974441746112789331e-01,4.975077856364312212e-01,4.988990633891614013e-01,4.890101236233195259e-01,4.927632607545011645e-01,4.026720253253197879e-02,4.944915509438925771e-01,4.835277918550002219e-01,4.949195278865132219e-01,4.884102593660987202e-01,4.947267087173252698e-01,4.940087359216401297e-01,1.533258874153913542e-01,4.853674217950970649e-01,4.904257577035242011e-01,2.000743514850159277e-01,4.432082965340693459e-01,4.914228227083678457e-01,4.973267321943606878e-01,4.976692015153803550e-01,4.869938813344356632e-01,4.899031783648520322e-01,4.948729132894044147e-01,1.795119013966294808e-01,4.952638930638527115e-01,4.866173498188732793e-01,4.896784617317043176e-01,4.671253530773623042e-01,2.812178667899485340e-01,4.904093453526807700e-01,4.951157153599710647e-01,4.928064501364367023e-01,1.502059783113154356e-01,4.183422785026282287e-01,3.980176183637710863e-01
3.536029583794790265e-01,4.857732588132673279e-01,4.885445552640058642e-01,4.972489519612771081e-01,4.871443957029821248e-01,4.955038671426499897e-01,4.943906134849727629e-01,4.991042633432087317e-01,4.981622870807966286e-01,4.941947917990745509e-01,4.701053183963038729e-01,4.963082022792000836e-01,4.987681374608019524e-01,3.042445519545899923e-01,2.179424439364907318e-01,4.938104288003360431e-01,4.986761468111476359e-01,4.984195046747565971e-01,4.707241986275053636e-01,4.966186192672506494e-01,4.176715018312369687e-01,4.977547953525888191e-01,4.878270946378235884e-01,4.968130150402252365e-01,4.937658328797431828e-01,3.086825070364797585e-01,4.987649007001783708e-01,4.620877501217802164e-01,4.874973840044309892e-01,4.935701331884266296e-01,4.412652045197041906e-01,4.662825397308113518e-01,4.969748503309604493e-01,4.966764046532485266e-01,4.945219144396555411e-01,4.986883479464842561e-01,4.953378657102948113e-01,3.105053696014631326e-01,3.461222836312035644e-01,4.959231789757515552e-01,4.843867227278017551e-01,2.902793608041691620e-01,4.904706642531473926e-01,2.412293181692178601e-01,4.955387438480123308e-01,3.088479952416779417e-01,4.873157325470167667e-01,4.547920064775203830e-01,3.563516228099289362e-01,3.450454791358816831e-01
2.826153775312152394e-01,4.923838238265903500e-01,4.985250334665495275e-01,4.977197764085939391e-01,4.964021909831946577e-01,4.957238395149823340e-01,4.810987303365868994e-01,4.989930954654057116e-01,4.958695680360483693e-01,4.989040157653205632e-01,4.333307776766529007e-01,4.818999179456929238e-01,4.984843373002221800e-01,4.194657055019684333e-01,2.789130947640551250e-01,4.956591569765855243e-01,4.988876009376850829e-01,4.992084849488750420e-01,4.328256611148136868e-01,4.707443250963449510e-01,4.728121280168062768e-01,4.990122882797813908e-01,4.872453882277656412e-01,4.960545408240695231e-01,4.949975140673007479e-01,4.935103078305752566e-01,4.968308437194835503e-01,4.959850553870441825e-01,4.934685935822290537e-01,4.939705778423891247e-01,4.371705874833654581e-01,4.848350103883274920e-01,4.971748596164971001e-01,4.982798334888479674e-01,4.984056343708831993e-01,4.969534516486042719e-01,4.944848946865185724e-01,4.977158999900704872e-01,2.708357799783321918e-01,4.844227206238935768e-01,4.937167262076849195e-01,4.957446815114856520e-01,4.955505708191621506e-01,4.822424796937059832e-01,4.985247646031211732e-01,4.812938560861900195e-01,4.938957457521126471e-01,4.906604244095685297e-01,2.831463096881683406e-01,2.814803252626557617e-01
4.704847145310420142e-01,4.889987170136764760e-01,4.861744192294584765e-01,4.957624835963242438e-01,4.904248978358954902e-01,4.962339775478563086e-01,4.967793923464622341e-01,4.996133869636518177e-01,4.959943797429458567e-01,4.993430620317887425e-01,4.728394502198705607e-01,4.975207525895740668e-01,4.983144611994754780e-01,4.816280341043061020e-01,4.616864748635853277e-01,4.963338678797669101e-01,4.959463999958133584e-01,4.993091059329263226e-01,4.796036979189616800e-01,4.934789644549351650e-01,4.156385948713414158e-01,4.993095539469034061e-01,4.892137171543388119e-01,4.950817737263104035e-01,4.912201449338442494e-01,4.961816264351111005e-01,4.943933280961499976e-01,4.629819624271770406e-01,4.943733974069297599e-01,4.970705689817013218e-01,4.342800718036325947e-01,4.789041859734385898e-01,4.946682216231349516e-01,4.984059657647716413e-01,4.974023008929605583e-01,4.992316778663895005e-01,4.927038937002747310e-01,4.986604588901286661e-01,4.608126207031247867e-01,4.922026857369424802e-01,4.929158587890995480e-01,4.983024379428913075e-01,4.952504146509714711e-01,4.888984817482214251e-01,4.990476414046612352e-01,4.982022347429257980e-01,4.947274872037342730e-01,4.550785821069722181e-01,4.712274930971502851e-01,4.565781512824708677e-01
1.771057835174431883e-01,4.851892324503149778e-01,4.540085431901115798e-01,4.904979681702583139e-01,4.948840804610062372e-01,4.956540765401870607e-01,4.959086923496303645e-01,4.954881313418177391e-01,4.535858988017456017e-01,4.831270202382720313e-01,4.826124799907351437e-01,4.976589156002506620e-01,4.978493871865906084e-01,4.957986182675390707e-01,1.801660758141298557e-01,4.969927973008770317e-01,4.565995160952119880e-01,4.950698792654476543e-01,4.910621613754265202e-01,4.905825407532538041e-01,3.412109195034713216e-01,4.982656540121093158e-01,4.745067205868138682e-01,4.929947703692345029e-01,4.864438312760079874e-01,4.918147248202516808e-01,4.928989292752826712e-01,-4.173502201931635347e-01,4.916846751737754539e-01,4.856607187080133614e-01,4.198163340360528961e-01,4.349137976225641578e-01,4.617974165904591421e-01,4.981412713167093220e-01,4.910222776831577596e-01,4.960472561788375478e-01,4.945911404326268634e-01,4.971627344674759974e-01,1.743631276726906876e-01,4.533135184903342996e-01,4.847975213635246639e-01,4.956031501385891325e-01,4.826732683409725722e-01,4.669424007515463604e-01,4.936470723960588725e-01,4.982866944493226091e-01,4.935747292106748563e-01,-4.081064540723114420e-01,1.813134021241514515e-01,1.503652665910859276e-01
4.149832259850405602e-01,4.456714069280052204e-01,-2.338124956508573493e-01,4.714871407052758645e-01,4.547242862611260983e-01,3.431322943503304912e-01,4.856871685602657807e-01,4.772108607763936861e-01,4.775763563848840487e-01,4.696669901089180477e-01,4.679707443913183051e-01,3.501807055625437148e-01,4.664781311341800740e-01,4.578223188996344284e-01,3.804833756499802488e-01,3.523468249616267256e-01,4.674862616128342419e-01,4.692028503812005757e-01,4.707558766078839829e-01,4.619928772713268184e-01,3.212578243115155052e-01,4.375422096638339475e-01,3.990416073504583494e-01,3.523419179676696711e-01,2.268436171295860893e-01,3.481654562221991878e-01,4.864547884749631512e-01,4.344814753151332587e-01,4.553137369054227057e-01,4.671191520417210530e-01,3.267262788338995971e-01,2.891815630984692631e-01,4.342668806719291452e-01,3.454823502334014584e-01,4.730361453130483285e-01,4.630709047603196460e-01,3.950858505404216681e-01,4.658043403257110526e-01,3.544556431360386117e-01,3.385803653856947482e-01,3.892868515554598341e-01,4.687157223634492720e-01,4.710071851880598404e-01,3.267136185450139063e-01,4.720373372738829731e-01,4.740643982706915782e-01,4.651596227807177075e-01,2.963254348367788116e-01,4.082898897520763626e-01,3.369856190979321764e-01
4.914947236117945262e-01,4.743332114868373806e-01,4.992746612484309510e-01,4.977820489806862869e-01,4.575421940160440126e-01,3.937064734542866651e-01,4.880028512950052577e-01,4.968385963622042323e-01,4.948850646340560155e-01,4.968364007160894213e-01,4.967533036552774783e-01,4.912160695245767483e-01,4.943340307898937969e-01,4.869957963262306344e-01,4.494003903873365346e-01,4.959005768519516022e-01,4.992347113610521858e-01,4.967637134598834048e-01,4.933043697056749832e-01,4.888636727870648846e-01,4.752716360030338483e-01,4.864186429457078575e-01,4.764580280947126045e-01,4.987490863870755464e-01,4.987778231668421602e-01,4.854642432870912017e-01,4.926587371260426895e-01,4.883771300907130408e-01,4.780152262764840732e-01,4.792529657088049899e-01,4.033814231579730958e-01,3.051342167838936859e-01,4.970138421635150738e-01,4.969211612298432557e-01,4.994421412096960444e-01,4.912442061043513775e-01,4.958092279706016181e-01,4.906280719289236592e-01,4.883369013832629668e-01,4.980350694406843193e-01,4.729330971293824737e-01,4.842047927361254889e-01,4.460508947246103473e-01,4.347249538426197213e-01,4.961564849155843393e-01,4.845219549311114982e-01,4.782764804105908429e-01,4.887500302103048866e-01,4.974819373941938294e-01,3.010679792034876567e-01
4.889024289454367289e-01,4.951699759735811446e-01,4.979603236682176859e-01,4.970416740043974713e-01,4.997696331998213726e-01,4.978085602157644174e-01,4.874266548775380015e-01,4.998691783806171740e-01,4.937242247189170818e-01,4.995837291656410883e-01,4.932331736301908687e-01,4.996168854997251052e-01,4.996505993638977738e-01,2.732215016359320625e-01,2.806826860841050708e-01,4.865999197421781997e-01,4.999509279170339937e-01,4.983668444024675348e-01,4.929820993362659109e-01,4.883987800731287576e-01,4.774084538144158785e-01,4.984339113852140346e-01,4.961015735466959287e-01,4.996982087708015663e-01,4.981460014260042368e-01,2.777908736083801733e-01,4.998082981675149861e-01,4.886642025755232877e-01,4.975919949593533564e-01,4.995712830560351536e-01,4.033545479533497402e-01,4.700284414433138491e-01,4.983243557095775045e-01,4.966521578055325126e-01,4.905505493575094689e-01,4.958194429466089015e-01,4.953722962973259314e-01,2.809408122647586437e-01,4.953053597060574909e-01,4.988574916544333271e-01,4.974917148992155647e-01,2.726619345196105715e-01,4.906188555346673863e-01,2.722184819786487298e-01,4.885211982176361212e-01,2.794148449890699326e-01,4.978334515722289133e-01,4.888590366629677053e-01,4.978314798565507959e-01,4.910892676453939010e-01
4.980335681243479584e-01,4.987015848996783074e-01,4.999541029659013147e-01,4.999926453647990932e-01,4.999599273453689263e-01,4.999074585709267771e-01,4.994158729617663162e-01,4.999885076438665976e-01,4.997565498155480124e-01,4.999758728120815010e-01,4.987393277797858016e-01,4.993353807928355703e-01,4.981245314108379563e-01,4.984250729500696031e-01,4.975747641817119815e-01,4.990375949065761207e-01,4.999971559847314340e-01,4.999951558219002945e-01,4.988117159547578172e-01,4.975562956986854801e-01,4.905858117612858504e-01,4.999878394032029605e-01,4.967742753235738218e-01,4.999652981144719344e-01,4.980357547024360509e-01,4.999808469501191288e-01,4.983875627525322649e-01,4.954061146398072712e-01,4.979515155046120300e-01,4.996846969896329149e-01,3.987183682438660837e-01,4.996630739799960974e-01,4.999512357950697816e-01,4.997089613187140622e-01,4.999660032248135488e-01,4.999934372329147836e-01,4.973880052101318228e-01,4.999946407011416349e-01,4.989009020622884871e-01,4.980537062155421246e-01,4.981128564048075691e-01,4.999397546762358036e-01,4.999715253827008432e-01,4.985382644400723762e-01,4.999707758892122933e-01,4.975571129785475444e-01,4.999796879614926137e-01,4.954444412441039725e-01,4.996411134343882732e-01,4.939461599345221221e-01
4.938399076986476066e-01,4.946746587881394319e-01,4.998385457540737153e-01,4.996516615910342463e-01,4.996860841398978459e-01,4.996237812543479206e-01,4.795845767867973342e-01,4.999609863449811509e-01,4.956443342977624456e-01,4.997162944552472896e-01,4.900138339179629376e-01,4.794826629375572025e-01,4.998948320873799478e-01,4.776212802569601013e-01,4.366703975305071261e-01,4.986881917364694994e-01,4.998727337213006994e-01,4.999838175878197899e-01,4.977190944018431429e-01,4.794194501271643039e-01,4.867882717816373050e-01,4.999161821458416033e-01,4.376862772606168739e-01,4.406409779455054965e-01,4.960256376797271827e-01,4.995218265972046767e-01,4.959237203515459158e-01,4.945469714165144914e-01,4.997020502990974222e-01,4.993015483998654580e-01,3.950309367075680034e-01,4.997093037065097332e-01,4.996701659138541030e-01,4.996855381524268336e-01,4.959631146156139314e-01,4.997930398765279558e-01,4.989661896414216424e-01,4.999579757231272237e-01,4.744467269149270638e-01,4.403797127189402194e-01,4.998830196157463268e-01,4.997872865943162601e-01,4.961199967296913149e-01,4.985782616042629400e-01,4.998654213447108474e-01,4.795638564037277285e-01,4.997225229594212115e-01,4.890951551029045219e-01,4.943007258977854534e-01,4.818334055406643945e-01
6.386986998329774456e-02,4.972397805916733415e-01,4.984470562772888025e-01,4.927606446308798183e-01,4.978262106931698461e-01,4.901000515469352559e-01,4.991262741647913836e-01,4.982088319455617587e-01,4.957017923246159752e-01,4.946763462231216768e-01,4.882630470568040115e-01,4.985349168408668707e-01,4.945828197716606867e-01,4.946305888797342676e-01,6.523288987504524683e-02,4.978629765601262358e-01,4.732027859981990381e-01,4.994829655049423112e-01,4.936860673930468235e-01,4.978508549398986682e-01,4.861254540345774644e-01,4.980797663154517552e-01,4.914179513279957057e-01,4.962270012798200569e-01,4.933188020902679050e-01,4.968914216182142574e-01,4.878701630244168808e-01,4.926056823375197791e-01,4.993693423567864831e-01,4.977787884652257189e-01,3.899799421734865268e-01,4.833705445370171661e-01,4.956567266735840138e-01,4.992529904626518134e-01,4.970837356749581715e-01,4.991138261019759659e-01,4.969801125226789296e-01,4.982989459511646402e-01,6.345831687022315815e-02,4.708268545179515874e-01,4.993793659440882160e-01,4.994089206885660159e-01,4.950794919364283064e-01,4.883070855979566582e-01,4.997636336136550006e-01,4.991574341019508476e-01,4.960989031812533256e-01,4.918094784889973092e-01,6.511326980165060840e-02,6.194269416241426213e-02
1.029559335253227709e-01,4.305114810742340370e-01,-1.582707097175396205e-01,4.703692160582188531e-01,4.802307176995886384e-01,3.615214581080130052e-01,4.914739087647615468e-01,4.847185037704953570e-01,4.881761727793114125e-01,4.824228627392181390e-01,4.877212892998635252e-01,3.578560428668610127e-01,4.724579463283877789e-01,4.820095502573633617e-01,9.762025113265784815e-02,3.567577011326121261e-01,4.879636107158016323e-01,4.883467170468775431e-01,4.726460709643622304e-01,4.879687750688322945e-01,4.499118105787043298e-01,4.741973794959393196e-01,2.720834900026840586e-01,3.454297772833915814e-01,2.517459479496905739e-01,4.801000864609423768e-01,4.802763156917936871e-01,4.632813240569569890e-01,4.566055561248680283e-01,4.886003576227724854e-01,-4.938747046297620874e-02,3.514618605306706889e-01,2.931272006371648531e-01,3.559737934278427995e-01,4.863387099157110982e-01,4.644266382351406319e-01,2.750364681909444609e-01,4.727752827418588155e-01,-2.489265737191610067e-02,3.508407323803818811e-01,4.154610806170808135e-01,4.898594490616355324e-01,4.831046793188885080e-01,3.080157053168651182e-01,4.853091282201192347e-01,4.878917896379413310e-01,4.799813325194520197e-01,3.256205024511957258e-01,1.011886317297776422e-01,1.053716219445669927e-01
4.233339807201811356e-01,4.329076499795151411e-01,4.316809525010458226e-01,4.951137225799641106e-01,4.777775681736464719e-01,3.950500949075773094e-01,4.827251927880681914e-01,4.970715605602836207e-01,4.971055927359983584e-01,4.964178851329130171e-01,4.553210516077291214e-01,4.863206975893682449e-01,4.687534744659218044e-01,4.888634890006996470e-01,4.829808670498777490e-01,4.894001011929386968e-01,4.955258989398850789e-01,4.960201848115666223e-01,4.652452942550518444e-01,4.751073940476040480e-01,4.642460572483689263e-01,4.706432097149051419e-01,4.496940335750608253e-01,4.968293086366540323e-01,4.816859036535141581e-01,4.836825404764965586e-01,4.693430229147145250e-01,4.896016590435686155e-01,4.837442808856165510e-01,4.556761651173482641e-01,3.643620571531727137e-01,4.076255156191347928e-01,4.881240861659423280e-01,4.906337660935259914e-01,4.960637964798684796e-01,4.903207873283872975e-01,4.803655294768763295e-01,4.951822226153428375e-01,4.466520844978765226e-01,4.831929402449144373e-01,4.702347936772733328e-01,4.777665304159654514e-01,4.315471658123477550e-01,4.390483906529906721e-01,4.550207903729663328e-01,4.832950828567904034e-01,4.571513603684533855e-01,4.828437899004034417e-01,4.947333588125098491e-01,4.500748046650152046e-01
4.053330131370779243e-01,4.786532010188142561e-01,4.888401387260617459e-01,4.833561324109905133e-01,4.614331213613845351e-01,4.944890241060144187e-01,4.964433102050317403e-01,4.970281968626344971e-01,4.974412508692260815e-01,4.961271711828674214e-01,4.924254606854659988e-01,4.901355292724141055e-01,4.982805374862943615e-01,1.746084977683519390e-01,1.421480822852519144e-01,4.961693532965496534e-01,4.987610521924857321e-01,4.990655314862436631e-01,4.930002373528664106e-01,4.928252406414266873e-01,9.094039169012222562e-03,4.908623994312394379e-01,4.842281036431636543e-01,4.976462436134270195e-01,4.876690662762003248e-01,1.803284662974117547e-01,4.963867320025301400e-01,9.662009009388031200e-02,4.883851832536594828e-01,4.868001219496729259e-01,3.852553643866043487e-01,4.849955426439874762e-01,4.976212067290834429e-01,4.882825277097285199e-01,4.989014431990255738e-01,4.992772303675134804e-01,4.947518066012434046e-01,1.837130817682815498e-01,4.015357769921695241e-01,4.941978526700497865e-01,4.856355787350731812e-01,1.750251566020538940e-01,4.885588079171842568e-01,1.777768447059920598e-01,4.969303176563752977e-01,1.788502703443702879e-01,4.882845169654511652e-01,9.504971198734415982e-02,3.991752331905247253e-01,4.028264183611628968e-01
4.175747230226074524e-01,4.907072100784283242e-01,4.963796598212267819e-01,4.971678752595045658e-01,4.870258239428293945e-01,4.935035273903292663e-01,4.933931550729526161e-01,4.996360244732646616e-01,4.895501242234153172e-01,4.990910285469841168e-01,4.677335630029610392e-01,4.949878325437769289e-01,4.989480780293995554e-01,4.623366705364639895e-01,4.013763943516424626e-01,4.925188907906460356e-01,4.991791763721920572e-01,4.991081590278609870e-01,4.675137166584176773e-01,4.857286436194104828e-01,1.269895741421384061e-01,4.988260553203244241e-01,4.904747961097176701e-01,4.951438367894730463e-01,4.962298253048074148e-01,4.902169050530564287e-01,4.969320853588813369e-01,2.486141916920262263e-01,4.936964495206261350e-01,4.967130239004611258e-01,3.847414385757370603e-01,2.689798658964047684e-01,4.952735194404975227e-01,4.981719592558874199e-01,4.992581902352494216e-01,4.928049943049498394e-01,4.889974130211503511e-01,4.980617406814915049e-01,4.102335955099346565e-01,4.846010003069253780e-01,4.931556138871818762e-01,4.972272851963399631e-01,4.970557165985041714e-01,4.878224178237778874e-01,4.987228909300738811e-01,4.956882133427491510e-01,4.928414569264817358e-01,2.540383602567558019e-01,4.171026064741103490e-01,2.244320502809935280e-01
2.299552093754375637e-01,4.860227356198487669e-01,4.853140422100393203e-01,4.954899571974719641e-01,4.975585198700397949e-01,4.958076797106103495e-01,4.757617783427121605e-01,4.994297516374105461e-01,4.897912694695050750e-01,4.989816354807852239e-01,4.922919775168501100e-01,4.746754835140526985e-01,4.984600608774831798e-01,4.718923007623956334e-01,2.267138448620421021e-01,4.956313487273937279e-01,4.981571307921306424e-01,4.991975925898067823e-01,4.949946228880159338e-01,4.734061007179042324e-01,4.895113563780740251e-01,4.988612460287732420e-01,4.903261258490151930e-01,4.938715645882763017e-01,4.890299802069114077e-01,4.898161872147014928e-01,4.924312697983070919e-01,4.966460317690263304e-01,4.940081914766916715e-01,4.943736595579741877e-01,3.854274044530549004e-01,4.852783903402966836e-01,4.967464332251531056e-01,4.979163319727995529e-01,4.955034567176553328e-01,4.936440610277793573e-01,4.938495947808666520e-01,4.955747711703452629e-01,2.170177882424454696e-01,4.934391775307977457e-01,4.916845183885606985e-01,4.946351743948407265e-01,4.907964076372940410e-01,4.809202410346260503e-01,4.984540655678384447e-01,4.726944683849685913e-01,4.935865349541734282e-01,4.896069479125271795e-01,2.306555654466259375e-01,2.316086744956342147e-01
-4.544995660875609800e-01,4.863682321548423171e-01,4.611436380849850969e-01,4.940835381837017093e-01,4.917557243485404794e-01,4.796448645269513755e-01,4.971376198044092365e-01,4.988561652984292993e-01,4.898730279600417847e-01,4.992078121296660287e-01,4.878199769583400625e-01,4.970942093392484162e-01,4.872939180386433589e-01,4.856874410058545921e-01,-4.577579990419370359e-01,4.940559128732996408e-01,4.919960805208697385e-01,4.985788238676860940e-01,4.842663195994881820e-01,4.911918030946683111e-01,2.820062285512244249e-01,4.983673198533037918e-01,4.953432417409962540e-01,4.939603653780069714e-01,4.768769471912124303e-01,4.917831041683801696e-01,4.713341957377008007e-01,3.757823808434426205e-01,4.921517171965671400e-01,4.972987778562156791e-01,3.769619227778332471e-01,4.266207529245410468e-01,4.861207038918686774e-01,4.975103675382467894e-01,4.979780262991253537e-01,4.946462546483839651e-01,4.927865220969915860e-01,4.929860547721775510e-01,-3.728677995938099454e-01,4.908540479975807558e-01,4.866883216235891596e-01,4.939904223984428189e-01,4.960257983064688680e-01,4.509818916566658009e-01,4.966320706399338647e-01,4.957109222844301999e-01,4.930632631872211014e-01,3.714479044184213485e-01,-4.627130142054056150e-01,-4.508565939131772837e-01
4.467873417535415670e-01,4.554581416283218775e-01,4.747733519417205450e-01,4.806505773005030902e-01,4.684780780178866566e-01,3.720377401716492005e-01,4.947585362214161897e-01,4.850986398809012390e-01,4.727344675348152392e-01,4.887014165383999909e-01,4.830846807592709680e-01,3.623353966964019679e-01,4.809358252449189575e-01,4.769143991008568673e-01,4.416545834251082714e-01,3.654407443813229017e-01,4.822885881182702450e-01,4.891750644330146724e-01,4.807068187843965279e-01,4.888432362800711473e-01,3.555050954429612720e-01,4.839210503736756097e-01,4.345614792625164258e-01,3.707054772454086988e-01,2.794623887006801866e-01,4.657226881392345641e-01,4.897096416584924561e-01,4.274542804724524303e-01,4.619010073833923480e-01,4.719356509748879880e-01,3.794292672768244667e-01,3.527121557268552698e-01,4.615668353905262311e-01,3.631075239685187528e-01,4.901230542259930045e-01,4.803215522776694280e-01,4.398080796514967639e-01,4.787312045282585138e-01,4.294507733195878085e-01,3.672043498432397968e-01,4.368630005866052657e-01,4.847866880586640947e-01,4.661522608204479723e-01,3.060035408322593908e-01,4.785581505101765276e-01,4.913867449838617563e-01,4.752942846265123533e-01,3.157596204479109492e-01,4.564989287204806456e-01,4.480318605074283256e-01
4.309137561189919086e-01,3.661943097587969098e-01,4.404628634292809819e-01,4.931506248149976623e-01,4.779685341717930802e-01,4.440737207365672568e-01,4.867433706647136260e-01,4.994243004848492040e-01,4.955656010599869266e-01,4.866443986774016683e-01,4.399105860709349725e-01,4.855182003710383776e-01,4.571914834440309328e-01,4.771902977439546056e-01,4.912297177700319373e-01,4.840026708563469060e-01,4.892302537945825702e-01,4.900803032415944616e-01,4.377225341571689965e-01,4.905880869159103819e-01,4.579025715258456808e-01,4.735579501706939087e-01,4.851120735139698437e-01,4.864563508091704902e-01,4.846522987022272577e-01,4.792927777872181272e-01,4.743648349815773324e-01,4.838118136066695274e-01,4.288295054808309859e-01,4.905928950019077805e-01,3.907537262610209505e-01,4.375935908716483969e-01,4.877900072965867806e-01,4.747063307196166537e-01,4.976098907965557094e-01,4.873391669596653930e-01,4.921425604510394902e-01,4.952605060422355376e-01,4.735085977830365556e-01,4.831813029486081712e-01,4.315358593364663764e-01,4.686138833418498351e-01,4.597775799010271891e-01,3.524139353158775023e-01,4.579578143511184307e-01,4.844388832401527734e-01,4.027993709009771717e-01,4.878086071072621488e-01,4.986157070642669442e-01,4.574128592437882723e-01
4.977870253826821023e-01,4.948112475537763677e-01,4.942653004489198088e-01,4.982013682528989018e-01,2.253593306738397306e-01,4.938167189730681139e-01,4.959767665719826968e-01,4.971778334761161600e-01,4.887912054908939985e-01,4.970834570396198693e-01,3.131282007055505301e-01,4.926027543819413435e-01,4.978365279096700902e-01,9.115901854022936956e-02,7.027622277985617893e-02,4.952369756546018409e-01,4.980575132525020821e-01,4.992283815048612627e-01,3.126863797174452841e-01,4.750732927726111776e-01,4.668784574483305083e-01,4.971120595552773191e-01,3.369886357902942553e-01,4.997987098174661025e-01,4.988238611972149461e-01,1.454912331661005753e-01,4.967049421773113149e-01,4.954865718403519415e-01,4.988418854800965030e-01,3.368705109406578968e-01,4.174673753191054382e-01,3.271859530234091373e-01,4.991705594265807289e-01,4.958339178437252692e-01,4.990790547671904998e-01,4.941693376216728661e-01,4.969125403434576649e-01,1.504104385802768340e-01,4.950022198912797933e-01,4.681591856256761552e-01,4.894610528566867846e-01,1.391436447140540766e-01,3.353137434668626571e-01,1.066785884465396850e-01,4.995723589948082854e-01,1.452531291065796148e-01,4.990595465691735066e-01,4.990564455727592441e-01,4.978348170544875662e-01,4.886558928606887231e-01
4.996908599179955557e-01,4.988297625560594861e-01,4.998358443136403650e-01,4.999921791697205520e-01,4.997435722650184764e-01,4.997031437288992350e-01,4.854691585700712797e-01,4.995604267658006470e-01,4.966739974275591329e-01,4.999426976331443617e-01,4.933302839325702238e-01,4.998022509770442268e-01,4.996612581134061704e-01,4.903983362698043913e-01,4.957883022227035363e-01,4.824642704478823152e-01,4.999870869197905465e-01,4.999909512170771508e-01,4.933848678502821272e-01,4.987166692379821353e-01,4.973439623333612003e-01,4.999887045667332774e-01,4.997996532800582647e-01,4.999068902662792691e-01,4.995505426424772799e-01,4.969925632506792534e-01,4.973021661066652221e-01,4.990775498885418049e-01,4.993328177396320067e-01,4.999402940817591623e-01,4.311707037131331521e-01,4.972547941545225614e-01,4.999850339335060734e-01,4.999736058876905198e-01,4.996873335620157230e-01,4.966696132713046552e-01,4.934969671548393721e-01,4.998344650252502519e-01,4.840920894964352850e-01,4.981671036108771822e-01,4.995719662173120912e-01,4.986921371975422956e-01,4.999219610035065542e-01,4.987185517884381580e-01,4.992325259798734982e-01,4.994733859165714218e-01,4.998330680599985532e-01,4.990499022265278972e-01,4.997661870709091958e-01,4.821194832004708775e-01
4.948407288616016309e-01,4.984017388034622242e-01,4.999871365877110452e-01,4.999655129059675795e-01,4.998710911192939532e-01,4.999163182017943297e-01,3.925016551599320169e-01,4.993520101059632510e-01,4.899956447052456476e-01,4.998884041214197715e-01,4.986721307324466501e-01,3.853959195260931447e-01,4.999658488224920649e-01,3.919904064768674479e-01,4.935931925198505099e-01,4.970627826877083710e-01,4.999525741904566889e-01,4.999968682692050859e-01,4.993101726633861204e-01,3.924444522678735559e-01,4.785542817237294355e-01,4.999845798690130683e-01,4.992499924821348634e-01,4.997085814274250248e-01,4.994599412314156273e-01,4.993899824158191669e-01,4.990585561258747416e-01,4.893668682999830488e-01,4.995319268250941191e-01,4.995373714839811963e-01,4.426145212053234079e-01,4.831881532775565424e-01,4.999589134049461370e-01,4.999858620958008704e-01,4.989825960238144509e-01,4.998216182033667909e-01,4.970322488268463235e-01,4.999535060110270601e-01,3.877588776918496904e-01,4.994188889366975026e-01,4.998526215032580988e-01,4.996677100023856344e-01,4.994318922413082951e-01,4.973913198673595160e-01,4.998864734075528782e-01,3.925150529710305647e-01,4.996462109170914934e-01,4.887661211494117586e-01,4.949544729625516837e-01,4.863370675103261820e-01
-9.579838029407167221e-02,4.985571338996842017e-01,4.973899613884126825e-01,4.727683167792189889e-01,4.966978667986680640e-01,4.674260025326641421e-01,4.870636404795419816e-01,4.994832185660039725e-01,4.987533663002150508e-01,4.995099492363056504e-01,4.945013812701110067e-01,4.867165884606317605e-01,4.896797961673821642e-01,4.847055554066951877e-01,-9.570139874334644692e-02,4.960027836099936693e-01,4.993176658298761894e-01,4.998114322406191912e-01,4.972185706670230743e-01,4.865568841752858642e-01,2.336448733531515665e-01,4.955721776577630688e-01,4.981813257922125260e-01,4.989575691646537803e-01,4.882915219545098107e-01,4.993370624004530023e-01,4.774099230316343201e-01,3.391530130259666209e-01,4.996137767517824790e-01,4.988799542560154454e-01,4.471418706066843107e-01,3.688873181638118726e-01,4.769367223238569209e-01,4.997020155566708755e-01,4.983664895749426171e-01,4.997916725522393855e-01,4.965125472020553987e-01,4.971457050374180064e-01,-7.061774057577806241e-02,4.982017293348906528e-01,4.996440833904309264e-01,4.965193617420555761e-01,4.996649984045558046e-01,2.287042761376024136e-01,4.997703665140302842e-01,4.861800318699922574e-01,4.773333174477188967e-01,3.400141877584321182e-01,-9.160235555074779101e-02,-9.173570344681836186e-02
1.370203822757253553e-01,4.000508121429505737e-01,4.186023487899188655e-01,4.056126420465412385e-01,4.226228876716385252e-01,3.643279454561435537e-01,4.980773379346669083e-01,4.934659433014265129e-01,4.766688227728031468e-01,4.938658038217769719e-01,4.802645707524639818e-01,3.399635066072738132e-01,4.799273568879399154e-01,4.852255444596985101e-01,1.297798527207180419e-01,3.467483943367465349e-01,4.883219372304306582e-01,4.613511151280547673e-01,3.742791196229628969e-01,4.768666227895227983e-01,3.431580655046198580e-01,4.903790906050009002e-01,4.428429929433805867e-01,3.051993370946209927e-01,2.367765608498451357e-01,4.578823090435220622e-01,3.974664202464614493e-01,3.553572033771910110e-01,4.803226963848477027e-01,4.167688354294752373e-01,4.478811173077706376e-01,3.485015897769288551e-01,4.576773449448217068e-01,3.739195861153572498e-01,4.968511682891331160e-01,4.892030195956776906e-01,3.786720783907198684e-01,4.897132722717919551e-01,1.492056220720396342e-01,3.638356887382502847e-01,4.679062286424720551e-01,4.556872049227663757e-01,4.777807256578701645e-01,3.130371310891436054e-01,4.935753466066092332e-01,4.986061062151953549e-01,4.928558651826870363e-01,3.177449419738915259e-01,1.478100144456792886e-01,1.370950985480583750e-01
4.585314963158417245e-01,6.763738080247436169e-02,4.161530769879226432e-01,4.864409093279214447e-01,3.972111162495605696e-01,4.711531507714820655e-01,4.674041580581005384e-01,4.958561170990685163e-01,4.951370800837567310e-01,4.713440660548672834e-01,4.904716248356534303e-01,4.748241905960235987e-01,4.760007840843248905e-01,4.880333313016174679e-01,4.685589794602206259e-01,4.906180093925099350e-01,4.775667546034513267e-01,4.957091289815148683e-01,4.754206318871801451e-01,4.808888215754807405e-01,4.252138857299183616e-01,4.895448532065141412e-01,4.243822625139810345e-01,4.725966598869550950e-01,4.479800325725754040e-01,4.853124835787892000e-01,4.934587310314391129e-01,4.910419521233279627e-01,7.168529529303710457e-02,4.347866605864453837e-01,4.200497093182079533e-01,4.571071295674350443e-01,4.784705813085409765e-01,4.812275695621461291e-01,4.901361370636405090e-01,4.925789972747851020e-01,4.142811176515082683e-01,4.851491494929230930e-01,4.232689727632857890e-01,4.885059713257041136e-01,6.589409951899491413e-02,4.004560925579228603e-01,4.860772824040326401e-01,3.935771177665158826e-01,3.808353223342311189e-01,4.741320731263048982e-01,7.085955729163238848e-02,4.629107861315691630e-01,4.709487029420993953e-01,3.564899326275297597e-01
4.738903543638881555e-01,4.824198184884209706e-01,4.904720360037175264e-01,4.984277051358888544e-01,4.928637654984994176e-01,4.948521804605755525e-01,4.890008504614440366e-01,4.988666237792555580e-01,4.969180265631271687e-01,4.988573079717431580e-01,4.763689582161083624e-01,4.878778818205289913e-01,4.972715028459779307e-01,1.766986685633726850e-01,1.855410093134299554e-01,4.963761751861239246e-01,4.940364068322693480e-01,4.988937641353277663e-01,4.747902538423251495e-01,4.813167615148752354e-01,4.535806592554136873e-01,4.969756337568203008e-01,4.949862475813171514e-01,4.953857035127273156e-01,4.967564320552065871e-01,1.884433641540645965e-01,4.984361144943780242e-01,4.807509317368094393e-01,4.772295314523447574e-01,4.971125967261341150e-01,4.668914436698786141e-01,4.592593282829274814e-01,4.958468453292712019e-01,4.985138724866277071e-01,4.985984312129150275e-01,4.970079880013563711e-01,4.919230604114585015e-01,1.916379362596945246e-01,4.615667451212089878e-01,4.842610096965197508e-01,4.802411913850782033e-01,1.860918369510627945e-01,4.963557938951436710e-01,1.904164880895939660e-01,4.974597127881390524e-01,1.851691347701792945e-01,4.886781703232155327e-01,4.826850748299746363e-01,4.752127517275999136e-01,4.386604276434203364e-01
4.789109054627556650e-01,4.907274530000822477e-01,4.980641795602585575e-01,4.977413953150557346e-01,4.981678328700134273e-01,4.954989016778094113e-01,4.708159586564389931e-01,4.990303775795818519e-01,4.688442717648033664e-01,4.943694326895632374e-01,4.876851065117139838e-01,4.948328306262976817e-01,4.986053883694489541e-01,4.589680542626023430e-01,4.692437400478212672e-01,4.704524713713740258e-01,4.991666856426303922e-01,4.988976051214167873e-01,4.863338851238599436e-01,4.880474597462495789e-01,3.000863000045897455e-01,4.987501943888084099e-01,4.779861008058319816e-01,4.964231631015499913e-01,4.967529965523398428e-01,4.606956520772790276e-01,4.981623133033881712e-01,3.977504216875234477e-01,4.923234230345972517e-01,4.830385108386112125e-01,4.459540804382952639e-01,4.422325811709216792e-01,4.945237822974187791e-01,4.981587853629675378e-01,4.981622136459223915e-01,4.686880735269414178e-01,4.689190865519189400e-01,4.906902682154480888e-01,4.467251946366576076e-01,4.939810404484358264e-01,4.919267418196992536e-01,4.719364302125457766e-01,4.828400505698329792e-01,4.628208679364217426e-01,4.898889742589147001e-01,4.873395993705759155e-01,4.918709284893268419e-01,3.889002483206822069e-01,4.801223644576934069e-01,4.187988778801893242e-01
3.236421479266626267e-01,4.890992678065397836e-01,4.847761879505524396e-01,4.953942915397061553e-01,4.901199987669828673e-01,4.953663747249816285e-01,4.845668014547990787e-01,4.989676056292788320e-01,4.884788546598964332e-01,4.993431438369960729e-01,4.803095940144498366e-01,4.779510479317146121e-01,4.984643152558752566e-01,4.648283027510158316e-01,3.135787106480442676e-01,4.938385071878679811e-01,4.984737938313507088e-01,4.989593652511137289e-01,4.799487007088427126e-01,4.859285051114826115e-01,4.851043889427513189e-01,4.988210715548059282e-01,4.932958083371283831e-01,4.925411903568964744e-01,4.917569307071026352e-01,4.909526402645109089e-01,4.967854153065526801e-01,4.971980404621013094e-01,4.923540077479748867e-01,4.972642387110650097e-01,4.712977331562266392e-01,4.539927648365058577e-01,4.971188774477253158e-01,4.977298831063176610e-01,4.974604653867217841e-01,4.963288649853882517e-01,4.932208677827433219e-01,4.939170768694694513e-01,3.080601313121112406e-01,4.934270945121959073e-01,4.905111580726839726e-01,4.912987424392902258e-01,4.983265955735678432e-01,4.670951784698448295e-01,4.969396854791888196e-01,4.814953813150740225e-01,4.926084005550045442e-01,4.879230524735934105e-01,3.230096366593531165e-01,3.023751541922157227e-01
4.526984591428107052e-02,4.884445829198087452e-01,4.663841417244825593e-01,4.409932682378306379e-01,4.939980792712122537e-01,4.508889406623554086e-01,4.992187605529677108e-01,4.986794350814716115e-01,4.968796482232262779e-01,4.990832823434916410e-01,4.527675444936077875e-01,4.974590961079868312e-01,4.945332389382016136e-01,4.560462280225610621e-01,4.495544351355831858e-02,4.943888208085315261e-01,4.961559306238612077e-01,4.986380635664268146e-01,4.546746900923403500e-01,4.961298644252778445e-01,2.473648706752169524e-01,4.878778208779189773e-01,4.914445768528412639e-01,4.938227424612110505e-01,4.837147810428932271e-01,4.972721973486808333e-01,4.874596571745171691e-01,3.536452812247008470e-01,4.924043466444407158e-01,4.944082167659520910e-01,4.804219856076782369e-01,3.504926362732825318e-01,4.534600897305829936e-01,4.961475556695560951e-01,4.966556681916364790e-01,4.990619537664867100e-01,4.915800297224885984e-01,4.961133357578724201e-01,3.759766364283865375e-02,4.920320200118493692e-01,4.880194656820022736e-01,4.963232727912743614e-01,4.948095740205032955e-01,3.322323275519756813e-01,4.971947465626199714e-01,4.971092348540794292e-01,4.521269954690397275e-01,3.500334746298053856e-01,4.160355761522997048e-02,3.752369600526227894e-02
4.268024836119641563e-01,2.772896958936100775e-01,4.836122813705659995e-01,2.737547804384450889e-01,4.238168433687680148e-01,3.861102988823477689e-01,4.973629453338033191e-01,4.981557519462264660e-01,4.917194871265208045e-01,4.919261320411327243e-01,4.600207677749279522e-01,3.679096230975887338e-01,4.858842289469409437e-01,4.603743238794763548e-01,4.149090115660022948e-01,3.675738331367827127e-01,4.963205590657377986e-01,4.581362837840329272e-01,2.383304343384005375e-01,4.746981508355188617e-01,1.393420926198613852e-01,4.908630024527924629e-01,4.498100566542541090e-01,2.196102072235693592e-01,1.785348740928325018e-01,4.506563359892000187e-01,2.752363023493780703e-01,2.185652147859515615e-01,4.792684952769298290e-01,4.229882750631731581e-01,4.842544107347059867e-01,2.143692604388116041e-01,4.505293938772081397e-01,3.965863567363351883e-01,4.978513243204127359e-01,4.910082804574466553e-01,3.604377072602220622e-01,4.923276208398008613e-01,4.853678253032352452e-01,3.907873974242017101e-01,4.584315546926762686e-01,4.554481092573566814e-01,4.925352525218135713e-01,2.326945784278934559e-01,4.926639501226243167e-01,4.967304320531524264e-01,4.835245959527506021e-01,2.090724828257625734e-01,4.721339643102693273e-01,2.312169665356386128e-01
4.753062083902682700e-01,3.543985643067787406e-02,4.844585961733828272e-01,4.843101956612863579e-01,3.445510547088400100e-01,4.810860224098904014e-01,4.851140151962315961e-01,4.920355975374287594e-01,4.865796824142761268e-01,4.824653787187877518e-01,4.071038652913046008e-01,4.909788546834374934e-01,4.823267143059368212e-01,4.155389055797121256e-01,4.770225712746250513e-01,4.809722113061806748e-01,4.836149403149571646e-01,4.260535017416369197e-01,4.164387016193552005e-01,4.810891219207660829e-01,3.424617735812274244e-01,4.822039386101927283e-01,9.296971852368582367e-02,4.882389388381258022e-01,4.834317105465529840e-01,4.666943837894894642e-01,4.796895016376646059e-01,4.806022036497800132e-01,3.840760045425362784e-02,3.713673309651005505e-01,2.139766019033516042e-01,4.116104695994113327e-01,1.062774469219694290e-01,4.278471582251466288e-01,4.828851359462705273e-01,4.787210258723454404e-01,8.389842313954060105e-02,4.584141529962393879e-01,4.787874377908986068e-01,4.617395612244946657e-01,3.672879000246507403e-02,3.391942789748036979e-01,4.765002189296990154e-01,-1.728665615940979949e-01,2.873100724904635306e-01,4.627510182446868403e-01,3.656902278986315369e-02,4.721219711035215538e-01,4.942288231322053416e-01,3.322760191126059581e-01
4.978467352267166302e-01,4.973821514910248820e-01,4.982361693605065756e-01,4.996700704120140557e-01,4.941018987818059371e-01,4.958611583554673463e-01,4.970799849423802041e-01,4.990257648468012230e-01,4.841210402652417200e-01,4.997300409846729408e-01,4.064154345558840253e-01,4.934376697083829311e-01,4.989105946674172176e-01,1.510633516558622935e-01,1.952163091563128561e-01,4.975248183172365501e-01,4.995773928318155699e-01,4.996064184314837342e-01,4.045456861480871691e-01,2.016063888683310712e-01,1.783156108265852302e-01,4.984347980169389625e-01,4.974028586421102016e-01,4.914217488188997174e-01,4.994795724988800867e-01,1.819495505838790994e-01,4.993389109751339983e-01,4.677161448465491644e-01,4.991762241734390981e-01,4.949876869695874482e-01,4.828885426165682726e-01,4.794502820249043062e-01,4.989196896014618798e-01,4.993407906245733163e-01,4.994029051379466067e-01,4.752533646089033281e-01,4.961562861820536519e-01,1.895505080596597003e-01,4.955252796516780300e-01,2.036653151620659019e-01,4.989049860759133259e-01,1.862579588152568355e-01,4.953971920068317436e-01,1.845177432691385566e-01,4.989596831246557174e-01,1.861878598161045839e-01,4.992296324204892888e-01,4.681105513714529098e-01,4.995722191276202873e-01,4.978264835115092102e-01
4.960370460435143403e-01,4.997190750510959178e-01,4.999481581767212246e-01,4.997494792853416357e-01,4.849062297486341766e-01,4.997699932637231779e-01,4.983975925419233954e-01,4.993829697338807438e-01,4.936764191634206989e-01,4.950001686212567864e-01,4.730969448473452132e-01,4.988959107388460934e-01,4.998344521235237869e-01,4.859915590681742059e-01,4.792764062247401036e-01,4.982002003245207256e-01,4.999769575689049783e-01,4.999922102139491287e-01,4.728842170028981218e-01,4.976656361567134423e-01,4.985076038155672462e-01,4.998469919582546606e-01,4.752709049999402913e-01,4.999363620842846578e-01,4.997925087587724025e-01,4.933524358109320218e-01,4.997323777638450482e-01,4.999448067967893761e-01,4.997521526491510713e-01,4.754760166941136568e-01,4.933001882810261751e-01,4.609944013310513511e-01,4.999578069502165767e-01,4.998799560616881132e-01,4.992072777673225437e-01,4.940404088070516342e-01,4.969848013638995532e-01,4.992434303065540480e-01,4.939284925819427685e-01,4.984624370080300015e-01,4.996521325780425848e-01,4.787184212305100606e-01,4.752419683113187632e-01,4.353831535798551311e-01,4.998486914967801287e-01,4.981764264990638513e-01,4.998997435244685872e-01,4.999124938277895169e-01,4.967963836509786679e-01,4.961937846788429529e-01
4.995750286440241439e-01,4.998458702471628157e-01,4.999962512810131599e-01,4.999925108065001456e-01,4.999549301769862786e-01,4.999277647766085519e-01,4.999595215272444326e-01,4.993428836818098460e-01,4.995857883110143005e-01,4.999849917240928865e-01,4.999555794475594728e-01,4.998632102025297175e-01,4.996093659442904511e-01,4.996447418204014723e-01,4.966672212228902539e-01,4.991063664126178523e-01,4.999858520180273103e-01,4.999993517920338082e-01,4.997149600352518983e-01,4.995930318375354506e-01,4.996988970939557073e-01,4.999762033191997856e-01,4.996519635411003635e-01,4.999762086857705845e-01,4.996230561667475145e-01,4.998515661297364132e-01,4.995698639651660611e-01,4.999586676896350390e-01,4.994249861664074031e-01,4.998949310272192137e-01,4.992486554745749761e-01,4.939995840200419597e-01,4.999963628710918928e-01,4.999953554337397965e-01,4.997134739634685463e-01,4.999950997276543241e-01,4.983620158959207180e-01,4.999866128090844075e-01,4.992184312593037077e-01,4.994520739227960027e-01,4.994071123685558389e-01,4.998842635700477266e-01,4.999463883450359636e-01,4.421316735962684263e-01,4.999112793476360728e-01,4.996268911252789713e-01,4.999133358697542828e-01,4.999394879057705854e-01,4.998001809956083563e-01,4.985460025264774608e-01
4.503860296123384233e-01,4.996662695162065737e-01,4.881657854560049747e-01,4.476681018702248216e-01,4.998925164000835863e-01,4.672647326626813147e-01,4.735123394558585774e-01,4.992011799196912625e-01,4.982237414755923965e-01,4.999216057854359851e-01,4.875377064753352863e-01,4.726985744694298663e-01,4.982674820754808276e-01,4.710368213459000253e-01,3.347429349971561274e-01,4.982518269817874934e-01,4.996402709220718608e-01,4.999256512728270652e-01,4.971365564384123137e-01,4.736330557140430164e-01,4.349601300598165965e-01,4.859834009082545370e-01,3.737470637140105079e-01,3.740801710567817628e-01,4.988112772915921367e-01,4.995251466065255275e-01,4.988053697748213167e-01,4.715717872289310053e-01,4.995144392464421212e-01,4.995942005271129527e-01,4.924277350281612842e-01,4.950083800310426385e-01,4.674437255920120826e-01,4.982309252159201618e-01,4.973642565911738922e-01,4.998693511005630197e-01,4.985190357445344889e-01,4.999619633110324868e-01,4.150865142590836054e-01,3.737004418886332169e-01,4.995841050065927824e-01,4.998797319469510669e-01,4.994802528721731250e-01,4.465369223740524585e-01,4.998865043371597539e-01,4.732773554444695829e-01,4.674606438497083127e-01,4.708399968959895432e-01,4.211757370241349663e-01,4.475187374327452283e-01
2.791955760157189270e-01,3.736704059178003745e-01,4.739236000714463493e-01,3.613766945083743409e-01,4.834051394656840861e-01,3.791945378713656445e-01,4.887884719915966403e-01,4.985521473083129318e-01,4.902567344554607520e-01,4.972607347491545537e-01,4.928482033540753093e-01,3.918137372945637575e-01,4.918510432415130196e-01,4.880207251217208442e-01,2.792636913163131229e-01,3.995175954894019110e-01,4.925351243492725462e-01,4.917634685389513094e-01,3.732975311000611973e-01,4.790195255999022961e-01,3.295410858855458980e-02,4.977321009217997028e-01,4.876852043842249129e-01,3.005396722254471409e-01,2.432777343129228220e-01,4.861543347797502301e-01,3.740873022050597019e-01,1.208374371478301984e-01,4.853881269420186606e-01,4.893610075594720388e-01,4.928587631320485163e-01,3.926665647012942961e-01,4.909970257772021118e-01,4.013471506014024137e-01,4.936596445983471027e-01,4.963277449521476536e-01,4.615913377022618502e-01,4.917052700703666290e-01,2.813362334730958869e-01,3.976926676406571937e-01,4.750384084471657720e-01,4.882260789475222351e-01,4.897215849278025446e-01,3.116768126261640348e-01,4.975927044548763556e-01,4.885893026696761510e-01,4.941844070086836571e-01,9.815974943357481941e-02,2.870643468947385868e-01,2.836988997154895609e-01
3.465340486810072340e-01,3.500100991455072363e-01,3.262752369042099532e-01,4.437963722707701786e-01,3.995723912695768321e-01,4.651880944207568147e-01,4.762097936796549358e-01,4.716502440101862925e-01,4.799265653816564003e-01,4.711910007783227661e-01,4.590538136168648697e-01,4.805194972506324214e-01,4.475299967397434742e-01,4.654797357640569344e-01,3.760361779894867418e-01,4.686451867606856725e-01,4.100301219583872836e-01,3.344547450746861994e-01,4.644451694314615242e-01,4.745617793146916230e-01,2.154931352882508144e-01,4.633696204415215791e-01,4.564165501987504925e-01,4.733817302774391833e-01,2.196637716884028424e-01,4.525190967837290912e-01,4.601589352859379867e-01,3.285491278984694064e-01,3.878161788986374536e-01,4.507228793581800619e-01,3.953364960660385452e-01,2.697036621078072738e-01,3.016710342075723528e-01,3.443337306577929913e-01,4.056077616726157520e-01,4.690194292198056059e-01,3.786350079040476380e-01,4.139126778808722151e-01,1.777540687846883849e-01,4.574595620313228750e-01,1.794714938071773347e-01,4.377573023252732676e-01,4.448172952070925112e-01,-3.553041203608819920e-01,4.409325998394632018e-01,4.361783334064329720e-01,3.967220807061120347e-01,1.709459424181850040e-01,3.897887190265263979e-01,3.337629818891810762e-01
4.924955112922412837e-01,4.791403573261632798e-01,4.915196521184477252e-01,4.960813787888492254e-01,4.947303484314947153e-01,4.808657201338165099e-01,4.950308328886907638e-01,4.989696170022533961e-01,4.976324103148511702e-01,4.984168546729561555e-01,5.399307393983914655e-02,4.880255166671302325e-01,4.932452900023189257e-01,3.621864643520580213e-02,3.175910753269281517e-01,4.981803371685589732e-01,4.983939971445693340e-01,4.984041383417680549e-01,5.437112178963383197e-02,-1.238421732730454888e-01,-8.805065323610283823e-02,4.960269565671964198e-01,4.866955057851020117e-01,4.972497783765289503e-01,4.976086253978858065e-01,3.290367104201331605e-01,4.936649239410734746e-01,4.250312102119888635e-01,4.871748657563721996e-01,4.960994091874599832e-01,4.859673725672025713e-01,3.219371581567234131e-01,4.880913020305003847e-01,4.982443255630013557e-01,4.990188976822551581e-01,4.907098349482257871e-01,4.861923959351013291e-01,3.301265872793656131e-01,4.918621746792636307e-01,-1.238475377634814939e-01,4.861793026682790231e-01,3.319365323191071360e-01,4.753806191840385664e-01,1.995724682721231880e-01,4.948580063572071142e-01,3.315190329696613425e-01,4.865168245224769650e-01,4.258005224892446039e-01,4.969501764523611698e-01,3.010508245669423766e-01
3.541997625184362675e-01,4.907631283298837799e-01,4.946003955257238793e-01,4.985717247207275271e-01,4.307101208853573726e-01,4.941504222252106615e-01,4.809971966457965431e-01,4.990088102464661501e-01,4.934029178738332799e-01,4.991941460307040002e-01,4.406367183781317309e-01,4.858398736495539993e-01,4.988773880579414621e-01,4.214479531317758543e-01,2.929320297020263086e-01,4.922601052835977042e-01,4.991416781707455619e-01,4.986347989151028171e-01,4.398194191419891874e-01,4.811532178443776453e-01,3.499787500118343164e-01,4.987653022285888360e-01,4.956721218396674677e-01,4.986361157425341362e-01,4.972275323095769473e-01,4.855948676400654862e-01,4.961295708373933411e-01,4.188804155639360149e-01,4.929704516491497102e-01,4.985074393815310811e-01,4.891377187914126567e-01,4.115817053919590962e-01,4.952488139404163103e-01,4.980619505407258285e-01,4.926190388209688020e-01,4.968083840493999759e-01,4.943097296645026506e-01,4.898298225934347161e-01,3.508897596516710737e-01,4.925033196218180365e-01,4.916373180815537536e-01,4.870617312153556755e-01,4.923582616227095143e-01,1.461695976608707037e-01,4.984340014781191708e-01,4.773789248350625014e-01,4.925222953389994940e-01,4.202382590512717675e-01,3.598612976738960190e-01,2.900175831361080925e-01
4.966206502522969579e-01,4.902852147370157510e-01,4.827310009813780556e-01,4.961712967164462751e-01,4.950543880784167294e-01,4.942781236796461863e-01,4.955188074804677267e-01,4.984164122494696425e-01,4.942309071223666694e-01,4.992197095995783429e-01,4.482353205930819651e-01,4.932102225908580051e-01,4.980807435350778634e-01,4.440259529652906267e-01,4.711013284678622348e-01,4.979356112935295897e-01,4.985801217002734931e-01,4.986721551348835546e-01,4.471424246767484179e-01,4.879236825596090510e-01,2.079959187091005857e-01,4.990504101780169899e-01,4.896505587949867566e-01,4.934679525404127576e-01,4.912279259285103339e-01,4.958181965332615349e-01,4.940571630442143758e-01,3.227746364665898815e-01,4.917195684654437349e-01,4.931046512883667243e-01,4.873755065810063680e-01,4.367424595216537475e-01,4.969267537085635400e-01,4.976245921541936346e-01,4.972952894209552999e-01,4.975001725573920397e-01,4.955347861894596195e-01,4.974686050021115968e-01,4.859119549167875696e-01,4.875185282212986526e-01,4.892549042416577398e-01,4.950171804002311271e-01,4.938954569849548504e-01,4.530052168436211890e-02,4.971333281208158983e-01,4.936938818543536445e-01,4.920616218579981771e-01,3.256115361941574471e-01,4.959355788933658138e-01,4.308357919099639055e-01
4.413173013509595899e-01,4.895884706451909540e-01,4.716728171011120296e-01,4.721007820162853585e-01,4.956798209871500771e-01,4.827136166364887626e-01,4.910638133201096767e-01,4.988362979487125370e-01,4.923208710151676937e-01,4.988897466889368193e-01,4.849516730329909708e-01,4.901352541532094653e-01,4.964876696204670314e-01,4.888235407780820441e-01,4.061562450636530541e-01,4.959875812364079595e-01,4.975119578394503472e-01,4.984228722816487767e-01,4.924029572268681099e-01,4.866601405148038850e-01,3.164633723702151014e-01,4.912311206222105264e-01,4.773531301006961880e-01,4.769337295099200791e-01,4.881329280778737290e-01,4.929213753669480780e-01,4.910212284705374741e-01,4.007410495380677173e-01,4.924370557830922146e-01,4.979394939827334610e-01,4.813420975371215382e-01,4.691343361477041118e-01,4.831584691280527144e-01,4.949319903603697779e-01,4.970705065767169195e-01,4.938899545743486996e-01,4.934672588362409296e-01,4.980146530282607564e-01,4.257829032975893879e-01,4.731262719932724514e-01,4.894405509789256925e-01,4.977785813453879937e-01,4.981290944784476649e-01,5.921156294840769496e-02,4.981593770630672879e-01,4.919557743925642157e-01,4.816805813932122371e-01,3.961894768083082385e-01,4.293075666222720410e-01,4.182916768555836606e-01
4.942948387156456680e-01,4.728259139755296991e-01,4.791002873539459417e-01,4.806216147142681749e-01,4.775062378894283088e-01,3.827185921918244693e-01,4.970804552381263286e-01,4.990834947737852190e-01,4.697413646377244789e-01,4.984294246975095599e-01,4.444488436139554244e-01,4.285304189405297337e-01,4.831507115468633429e-01,4.538636786183153360e-01,4.770678468156380192e-01,4.280323908029438074e-01,4.842048926421359534e-01,4.909564029546647501e-01,4.491776177207520426e-01,4.754862800539240708e-01,4.298520923124263260e-01,4.959582561953670421e-01,4.859559289622164546e-01,4.118975617165616110e-01,3.556907445273311263e-01,4.795839893280633426e-01,4.827971235148511564e-01,4.639116661106414963e-01,4.803948409630235949e-01,4.925981451539125366e-01,4.814289875375464822e-01,4.041638049939655364e-01,4.740797628703499744e-01,4.235544566123087273e-01,4.857002229711351871e-01,4.909735594549360926e-01,4.727901209794585502e-01,4.823210069002398237e-01,4.893844607738808139e-01,4.087239795141025533e-01,4.699196194466255250e-01,4.887938620137411427e-01,4.791065499479869594e-01,1.560613591996250493e-01,4.979324122304316647e-01,4.952361460228133505e-01,4.864528037697889440e-01,3.984434176935436334e-01,4.961666093801208044e-01,4.762869605288754804e-01
3.958907217215350549e-01,3.898452130040835906e-01,4.728667841299513674e-01,4.504573300212711406e-01,3.957197384011131858e-01,4.561457882747994019e-01,4.779824684278473623e-01,4.649333741690001021e-01,4.741453854775494747e-01,4.632721206446488438e-01,4.424917553977605333e-01,4.725966475095700337e-01,4.479946882676110742e-01,4.348478342069703739e-01,4.344499435089121397e-01,4.720787669072261661e-01,3.969698469157002529e-01,3.950092275109666762e-01,4.457906875507361422e-01,4.400349158525074245e-01,1.331942638458353811e-01,4.288277991310295301e-01,4.559889818718381727e-01,4.811742456729302120e-01,1.596396330462534208e-01,3.321524827430047955e-01,4.700926965191218887e-01,2.841950925551066653e-01,4.566081465053546395e-01,4.563655649126296399e-01,3.752393001517793092e-01,3.356453317008162851e-01,3.454631724663325687e-01,3.939718252147337285e-01,4.003836302344763731e-01,4.712206823634121911e-01,3.678321879682294737e-01,3.940539170977841454e-01,1.462011466079500832e-01,4.466546189988770954e-01,1.480105296759844924e-01,4.486105716285311851e-01,4.351709009672029560e-01,1.920353077250514795e-01,4.659874426093835176e-01,4.534151813671249420e-01,4.550474815496372005e-01,1.149825359519874163e-01,4.462883032242768722e-01,4.124123207071686559e-01
4.940471546518155344e-01,4.940938779270944159e-01,4.948882145541624866e-01,4.977994182709538085e-01,4.926011441752681796e-01,4.127078999217014821e-01,4.947369969777020149e-01,4.971226487506658631e-01,4.971585578662760518e-01,4.979751830689335690e-01,8.399449261375717402e-02,4.954119956500873112e-01,4.957313881566413616e-01,6.232899835775627256e-02,3.465700145371938268e-01,4.979666561442155359e-01,4.994434481553938765e-01,4.994035314332295750e-01,8.436312082144281632e-02,-6.300333410830425210e-03,-6.275091838933994325e-03,4.888172083942069479e-01,4.874333395713306705e-01,4.991554154936534982e-01,4.981727985107070045e-01,3.670419994145249221e-01,4.883675667642112805e-01,4.614951537077022214e-01,4.975335645546068997e-01,4.964507272325428544e-01,4.824651406074311200e-01,3.540678215180440569e-01,4.892766615261257557e-01,4.992927171589631175e-01,4.992100578928576060e-01,4.956726143927285277e-01,4.867573946636286619e-01,3.646477256735378703e-01,4.927052798205120987e-01,-6.126814711828853198e-03,4.914712031566123018e-01,3.632671125806646861e-01,4.642975745254222519e-01,3.338458697549037124e-01,4.961028533983005695e-01,3.672722118247524481e-01,4.974893474744817579e-01,4.537849438623606235e-01,4.959282138296204345e-01,3.611942923443144937e-01
4.858573840941373123e-01,4.949962931728047466e-01,4.979772894973835684e-01,4.903444347242110202e-01,4.901038960651352139e-01,4.972763940621526269e-01,4.952887214330278232e-01,4.991568050656782218e-01,4.925154174967293352e-01,4.990499539397919571e-01,4.977904395658126480e-01,4.979983922283345854e-01,4.998463089041168539e-01,4.913227220828358943e-01,4.717688794494194759e-01,4.962963227470796879e-01,4.998698989379337099e-01,4.999931207363383923e-01,4.969639085109355814e-01,4.981854529848133706e-01,4.823372444559652639e-01,4.950983555333172692e-01,4.990346394996947876e-01,4.999401618062210284e-01,4.947299573213232438e-01,4.936116255237825712e-01,4.917902106483028057e-01,4.913923854508831512e-01,4.994273343091588102e-01,4.988137851065094774e-01,4.828068058765779269e-01,4.660980223806682199e-01,4.998820786929853432e-01,4.948699383483021741e-01,4.984726289813101729e-01,4.945518302857712656e-01,4.986951114028728149e-01,4.993991853152670024e-01,4.791646303998657319e-01,4.989701564519634647e-01,4.995465334897440379e-01,4.958641509285905413e-01,4.983297071252775212e-01,4.776459346647466409e-01,4.997018392452563518e-01,4.981249341659056418e-01,4.995770052921914006e-01,4.912738250392014727e-01,4.821887283836968630e-01,4.396804369249152078e-01
4.997109515567895177e-01,4.998760438744891399e-01,4.999938918238656105e-01,4.999927641887271235e-01,4.999754659773286702e-01,4.998724801258541128e-01,4.999225771287301168e-01,4.995099108612262029e-01,4.998100912700979559e-01,4.999888174607048930e-01,4.999591380165606114e-01,4.999481155494468476e-01,4.999619521473247508e-01,4.996499520638031933e-01,4.990691253652196346e-01,4.999160815139077618e-01,4.999867190377948467e-01,4.999993106643415008e-01,4.999581711424985753e-01,4.997537572036322984e-01,4.999490829147831272e-01,4.999865740955766191e-01,4.996101354691852570e-01,4.999963564314203746e-01,4.999804763433367549e-01,4.999712570827051228e-01,4.925969763725525086e-01,4.999893987348654201e-01,4.994957658158595826e-01,4.992705157102179103e-01,4.939641461680647216e-01,4.994059008950848533e-01,4.999961826938789100e-01,4.999980722011646006e-01,4.996273384543660767e-01,4.999835273120029067e-01,4.999196029775171968e-01,4.999898317829086780e-01,4.988426508222468803e-01,4.997629757643813897e-01,4.999291244803433787e-01,4.949010626586899941e-01,4.999163505292413268e-01,4.514418442628426731e-01,4.998075511236009238e-01,4.999433347866014121e-01,4.996188989113423129e-01,4.999735636469653799e-01,4.997093779612381548e-01,4.890291997831993642e-01
9.319694982311801934e-02,4.993655211194241161e-01,4.996837227730994702e-01,4.994892755378769200e-01,4.992024175747462600e-01,4.995883902194108162e-01,3.468714973522880191e-02,4.998812362637982676e-01,4.893016662483370971e-01,4.999591654579503830e-01,4.818606342374022744e-01,3.365355165897379597e-02,4.994426978980555099e-01,3.402465189580382299e-02,8.962022002543448829e-02,4.996664825251868614e-01,4.996920962464599936e-01,4.999734366451437095e-01,4.999088462508329278e-01,3.411233000555682210e-02,4.986814557355601640e-01,4.997097785271548132e-01,4.934911572404795388e-01,4.976245673901946165e-01,4.993117630014061170e-01,4.985623684822351742e-01,4.916130766300965127e-01,4.995592701458205775e-01,4.988948532982359074e-01,4.955657744335238979e-01,4.766837652841544037e-01,4.838347333299040098e-01,4.998717157665263922e-01,4.996746223382913521e-01,4.993457138146223384e-01,4.997962655234429730e-01,4.995884468665489631e-01,4.999638924021880260e-01,6.730030931517516461e-03,4.970453941356043348e-01,4.995517208769340023e-01,4.992743578915136982e-01,4.961266053235224849e-01,4.385969107649737020e-01,4.995387526157424873e-01,3.428359722187555858e-02,4.999069724069984400e-01,4.819043022364822848e-01,9.053426547588536155e-02,9.399982207492801889e-02
4.288170636612160247e-01,4.900200255564746699e-01,4.932326273488017998e-01,4.913919497871498399e-01,4.882450902198254283e-01,4.134107273498427992e-01,4.792469137874074692e-01,4.993559036369012438e-01,4.348668155477197206e-01,4.969673865733822415e-01,4.868245762157268897e-01,4.168946583739064904e-01,4.895991453594250031e-01,4.834534393890886905e-01,4.323236250946783099e-01,4.290296774542339264e-01,4.836688681310421511e-01,4.939879176272773398e-01,4.920392779624853108e-01,4.790454562593484122e-01,3.801473358756261023e-01,4.993418335594567159e-01,4.934940359054592052e-01,4.173180386341320269e-01,3.604695373627636590e-01,4.980685803364764963e-01,4.844564003972724464e-01,4.284548589416933839e-01,4.944082663039880421e-01,4.972994360531104441e-01,4.950924708783465689e-01,4.184212355753025303e-01,4.410553964795479454e-01,4.298635866171094388e-01,4.887025533960445145e-01,4.991330614184975034e-01,4.865882546039345669e-01,4.900851841921301522e-01,4.116822964039946742e-01,4.175073957944801517e-01,4.887276871520387367e-01,4.977077306922191302e-01,4.860695356848260817e-01,4.209740139501295664e-01,4.950937415310400214e-01,4.832820153115813810e-01,4.948014109319318621e-01,3.785662481518539124e-01,4.338879668293988412e-01,4.158990283490532902e-01
3.638727350218657342e-01,4.340108641859853900e-01,-1.096350937417910482e-01,4.663948187149755675e-01,4.753279562116062285e-01,4.734381293408090330e-01,4.817061034441034173e-01,4.806859451068383748e-01,4.826116142638983142e-01,4.746701038572634923e-01,4.708354246819632105e-01,4.753313650920829025e-01,4.726897178517069920e-01,4.575484348128004419e-01,3.391895106047183583e-01,4.857228157152532200e-01,4.744851588476691195e-01,4.716296780026362767e-01,4.665553348069287898e-01,4.601432228552842507e-01,7.305901181877150772e-04,4.470481271261234069e-01,4.482177044803476451e-01,4.750377627974956551e-01,4.448386147869078933e-01,3.680357222586533306e-01,4.723973984079844479e-01,-4.181671856564095346e-02,4.416348453154856357e-01,4.762591373101691117e-01,4.663588848284857535e-01,4.700091526288026622e-01,4.790989992789446150e-01,4.738709922454218959e-01,4.809875028336931813e-01,4.731949484880446088e-01,4.491035537169593139e-01,4.780976341738625290e-01,3.248499527320333757e-01,4.664700400971287797e-01,4.082652305837946582e-01,4.850864352957158232e-01,4.768478326219133812e-01,3.395793385866626157e-01,4.857920507777399588e-01,4.751220408244729021e-01,4.487029282437329236e-01,-3.622986725752036508e-02,3.563875796508565452e-01,3.453724556210682750e-01
4.241419789651070249e-01,4.584364702061635155e-01,4.843980173752763241e-01,4.967129382835667739e-01,4.924547832194877128e-01,3.956908175066048416e-01,4.858451143848935838e-01,4.975751602463546752e-01,4.973228269177740191e-01,4.947435972217793521e-01,4.478781698694270785e-01,4.920160881222854776e-01,4.805331816949168777e-01,4.382773439229051271e-01,4.143733258625807436e-01,4.953697382579974606e-01,4.978342557793499767e-01,4.956813911246659710e-01,4.546311741855874611e-01,3.449200924006335933e-01,1.539448709235027024e-01,4.780331602305207261e-01,3.263857896029273564e-01,4.952552702906132809e-01,4.970028700142862244e-01,4.544107917107332861e-01,4.689436143153488668e-01,3.261587517820347948e-01,4.882910237844607648e-01,4.972986040289371079e-01,2.993011358290721402e-01,4.700942150667985486e-01,3.271729464302605139e-01,4.948110210048259905e-01,4.984946296267213639e-01,4.949402969587424761e-01,3.214576745069276931e-01,4.557971609180979100e-01,4.492880925113561519e-01,3.492271106792450008e-01,4.878748513166302203e-01,4.621733585302875147e-01,4.796553989359845782e-01,4.390917218060470528e-01,4.800935858951451141e-01,4.566577605278905883e-01,4.749487340851514250e-01,3.321468737560539508e-01,4.678520530471773631e-01,4.362663829535411431e-01
4.190737575376121127e-01,4.895501450751653105e-01,4.864099899842034280e-01,4.953041714748852575e-01,4.968641054613818220e-01,4.831854718146251226e-01,4.937483856537526750e-01,4.971789010536356579e-01,4.033118503363712914e-01,4.969825893932898753e-01,4.089398675420222173e-01,4.878024220906097552e-01,4.974699574288909965e-01,4.023894260029706738e-01,4.087558847833756004e-01,4.986377758105612346e-01,4.989529574427322145e-01,4.984114124307993943e-01,4.051772394858563775e-01,4.770054215630631922e-01,3.799706139608487465e-01,4.966233643641254636e-01,4.932862517206180186e-01,4.988779798713653957e-01,4.949081554104055036e-01,4.092324713172708073e-01,4.856225070645944775e-01,4.448173845598332177e-01,4.783320679021609845e-01,4.947339627615482405e-01,3.606274026966113100e-01,4.803907942746372672e-01,4.964733681078338234e-01,4.941556953226132753e-01,4.990553741259851628e-01,4.118481074563400957e-01,4.954939268370619487e-01,4.976332969712211618e-01,3.690514984342518900e-01,4.795347398930993599e-01,4.884883836933911483e-01,4.813061614790218878e-01,4.959570847843505770e-01,4.128364696484265739e-01,4.974918200750528263e-01,4.926443582729548298e-01,4.934039929486480625e-01,4.428504719079343621e-01,4.184749897129759755e-01,3.949953424517591016e-01
3.763425432894461631e-01,4.918542821945882659e-01,4.835059210861713530e-01,4.975573218361823424e-01,4.818608898364730719e-01,4.960298786132290028e-01,4.680208215152600326e-01,4.976922139095735775e-01,4.871757139112236623e-01,4.992720517251974521e-01,4.598599430043397440e-01,4.805199736999908322e-01,4.988247906311564783e-01,4.402493809169860106e-01,3.619761348712908222e-01,4.840829995238840056e-01,4.986156343756341092e-01,4.984449500627630147e-01,4.584736638522610708e-01,4.718427988456012079e-01,4.742308394493208734e-01,4.993154919203311448e-01,4.825289775338793552e-01,4.962250073099073178e-01,4.930849933811281560e-01,4.874360132596789463e-01,4.867029091204303493e-01,4.969203055186339757e-01,4.898361586282575231e-01,4.848154162355810537e-01,4.744341766185597442e-01,3.735553910791050147e-01,4.959527355094806023e-01,4.977775676581991382e-01,4.967675880755808016e-01,4.878981729063570083e-01,4.906131158100280887e-01,4.976869928750810024e-01,3.366526484893217486e-01,4.865389539971621824e-01,4.902592552471097820e-01,4.950889418762427496e-01,4.983889186121865933e-01,4.597528045280424025e-01,4.970072757493502746e-01,4.809984612133214044e-01,4.923136729571725989e-01,4.879677915924148790e-01,3.771530816904087313e-01,2.579090268221679305e-01
-2.000648615496063154e-01,4.892849538957192990e-01,4.823766582630022448e-01,4.923680521509253283e-01,4.949509061362414308e-01,4.926960735439724903e-01,4.897185910044785095e-01,4.992745439832159127e-01,4.611426050126595788e-01,4.990098541272138255e-01,4.608094116195013967e-01,4.546541145461259759e-01,4.986027622036026119e-01,4.642483347234910851e-01,-1.886409401447021461e-01,4.970417153980428160e-01,4.978542792013844753e-01,4.982514303247645437e-01,4.738655596798914682e-01,4.830480035922625204e-01,8.732003804221255897e-03,4.982803041486938977e-01,4.338434309165190572e-01,4.874350382134898796e-01,4.907499891218244370e-01,4.887966049591186413e-01,4.844118693798222797e-01,-8.432376326412104051e-02,4.896634980225017530e-01,4.431548387497198371e-01,4.715120727070675755e-01,3.815762165029537023e-01,4.919331145052585619e-01,4.962647333985939491e-01,4.972304399645767203e-01,4.951635433608035375e-01,4.939315386504011252e-01,4.949851048591337732e-01,-1.894787431841873093e-01,4.819924949325078978e-01,4.916893104311322316e-01,4.930415602662301389e-01,4.421043821642530736e-01,4.082835086701516181e-01,4.970330420057276766e-01,4.862925870827366492e-01,4.904782369636321859e-01,-7.517448644280871894e-02,-1.920687234528328236e-01,-1.745773989924059300e-01
4.919297459527343652e-01,4.804154978161855327e-01,4.959738888408324331e-01,4.931417600778646992e-01,4.964058158433056200e-01,4.547656152464835122e-01,4.946428964074539580e-01,4.974893495720015824e-01,4.396773560394917624e-01,4.889320207696908338e-01,4.853201880062487650e-01,4.571176897072665168e-01,4.971499863483743176e-01,4.902707051992282183e-01,4.891829864396354255e-01,4.558404701362672173e-01,4.788356048367501949e-01,4.902689272435525325e-01,4.914437354673619751e-01,4.880787150575995881e-01,4.442420684306954692e-01,4.982433219239499889e-01,4.888564650959168478e-01,4.508958059860674883e-01,4.151715196285077902e-01,4.871800148081219528e-01,4.817619073670293406e-01,4.704340530855269931e-01,4.818170907980486306e-01,4.965191245923105678e-01,4.940583228852876152e-01,4.303346118308102319e-01,4.420902891568028181e-01,4.543893636214266230e-01,4.928167011835730138e-01,4.980434478156516853e-01,4.951916667711354081e-01,4.923250483818775725e-01,4.877714921074416954e-01,4.313173560080655333e-01,4.821809978312602829e-01,4.919942242187330117e-01,4.926308886017072841e-01,4.041329778585488475e-01,4.944986649298222514e-01,4.927097258836392601e-01,4.861118198811742452e-01,4.357939431880164527e-01,4.974591179201703905e-01,4.458113194449875305e-01
4.522801318410357707e-01,4.601231686388077002e-01,-4.370002229374120861e-01,4.862346845853317556e-01,4.788805657257593773e-01,4.866602605789259739e-01,4.939943592861837374e-01,4.851860242912223731e-01,4.888895769891857257e-01,4.828860462109321738e-01,4.736163607970500511e-01,4.923578484015392331e-01,4.707201958211282289e-01,4.671997515116271815e-01,4.115028118507556010e-01,4.869727357677665625e-01,4.888140675919472877e-01,4.829078353674123858e-01,4.742680510389767345e-01,4.848856686164929597e-01,3.336693160478355624e-01,4.707366401760242347e-01,4.508397562663223335e-01,4.859055628213671540e-01,4.662416738021911145e-01,4.714946108008299941e-01,4.836795695277629203e-01,3.988553871290522190e-01,4.522968007995660233e-01,4.854280316737948353e-01,4.810171950810969710e-01,4.632939607609672938e-01,4.822296688143392074e-01,4.851303787567526338e-01,4.858207656508695682e-01,4.608290096083328957e-01,4.719553881459211397e-01,4.831404209660158933e-01,4.257071458591105695e-01,4.715351623178877793e-01,4.112447229040702146e-01,4.766067232632352768e-01,4.867783881957785663e-01,3.863271382264182874e-01,4.863020521153093578e-01,4.840237795523013586e-01,4.818013670043493901e-01,3.755299650230951580e-01,4.358696090010428792e-01,4.233964175087566728e-01
4.111226914775991115e-01,4.151572417664239900e-01,4.427255491771024398e-01,4.966510952934337086e-01,4.768350749325215854e-01,4.415133433952979636e-01,4.934062372411969211e-01,4.995882656889376050e-01,4.825308030093598544e-01,4.965884679690760750e-01,3.357481479562855475e-01,4.911826341122069173e-01,4.613828068223841394e-01,3.648979014596622772e-01,4.550568603071692420e-01,4.873088945468813660e-01,4.955700408339486218e-01,4.981076701653133765e-01,3.405211646870665021e-01,4.851921038650228168e-01,3.382695945609197619e-01,4.724203276385713357e-01,3.903285697488627082e-01,4.962422076786045522e-01,4.902033995234976183e-01,4.632854948610899415e-01,4.586650959864392862e-01,4.199745212299467734e-01,4.917153968198441083e-01,4.884367210478454124e-01,3.352146082658040149e-01,4.287057901221323908e-01,3.983557350822510834e-01,4.867656896739380734e-01,4.983788381115280552e-01,4.768437817448387683e-01,3.880032838931870565e-01,4.768074700183372316e-01,4.527460872770072142e-01,4.762726455126953806e-01,4.922812524353747388e-01,4.653438417189447729e-01,4.575997829494125591e-01,4.532674752355294046e-01,4.510039923945836637e-01,4.847792760125919087e-01,4.566177854391894053e-01,4.223275881159742617e-01,4.857721711442951618e-01,4.122917324787675475e-01
4.930644065054107794e-01,4.963165218230474740e-01,4.971102684011817208e-01,4.995407613200995023e-01,4.989266689736456817e-01,4.896073333478925260e-01,4.998277811383440850e-01,4.994811408137307396e-01,3.318554348914036223e-01,4.993508666925680628e-01,4.985937232211731795e-01,4.986724747481991460e-01,4.982955475827925973e-01,4.959910172946092599e-01,4.897253124662840351e-01,4.997242674962394937e-01,4.966221601484883119e-01,4.999841754486087919e-01,4.888252266627141074e-01,4.996464853653619365e-01,2.660095935561309632e-01,4.974530953207311201e-01,4.985746188356212638e-01,4.999141620966047195e-01,4.995636642845964204e-01,3.329813212131656486e-01,4.871693414754693641e-01,3.754482497754140224e-01,4.986263516653988703e-01,4.984824014304558015e-01,3.277798878664254234e-01,4.861690389637350895e-01,4.998854339077167253e-01,4.993231647856529176e-01,4.998430637470089311e-01,3.337816396485023818e-01,4.990033662221271538e-01,4.997374111255458162e-01,4.859709390200142032e-01,4.885578487810432469e-01,4.889530309903949434e-01,4.856988367233985304e-01,4.994053535014793543e-01,2.397758195858946950e-01,4.998524147562474207e-01,4.996692356289762493e-01,4.998370377837253464e-01,3.728828768021593687e-01,4.930756021591215510e-01,4.593138394633605737e-01
4.894478472681757508e-01,4.999170851821184702e-01,4.999923352027058621e-01,4.999537478485098219e-01,4.785159038163914746e-01,4.997427107327742646e-01,4.858797746310031807e-01,4.962369360862492473e-01,4.997778083489649026e-01,4.991308273125402151e-01,4.987966652686052771e-01,4.992469204988041476e-01,4.998349873151698430e-01,4.892861886105090430e-01,4.684265996225146500e-01,4.862503265269408348e-01,4.999865153954317076e-01,4.999987841264597610e-01,4.984076426145357952e-01,4.995476343826902310e-01,4.917462240930534634e-01,4.999247377231524347e-01,4.842266694637669122e-01,4.999923903702261918e-01,4.998982928946966164e-01,4.998225772190310057e-01,4.880514590747082604e-01,4.959275002764665929e-01,4.954435847632503442e-01,4.841702020601742484e-01,4.992965428039553566e-01,4.927138251268803892e-01,4.999725362834374631e-01,4.999833941899939904e-01,4.961748021791406171e-01,4.991281915929664525e-01,4.902981063257559891e-01,4.999756789689919212e-01,4.630656975418022125e-01,4.988551844592620244e-01,4.999201395170847495e-01,4.983236596121521922e-01,4.998418195062893643e-01,4.937187478070179103e-01,4.992541655788202415e-01,4.996082332150819094e-01,4.961573673080295621e-01,4.957269163044247806e-01,4.892446699512692510e-01,4.498047850557929661e-01
-4.531706078427931161e-01,4.962344213701875284e-01,4.998689714526713401e-01,4.996650181029658189e-01,4.997773289379537909e-01,4.991763676778390724e-01,4.955084233217953438e-01,4.998858755888638261e-01,4.965124191016311306e-01,4.999740114790515166e-01,4.957110668554045030e-01,4.925093635591945573e-01,4.998929569019078256e-01,4.958307295694404093e-01,-4.496320782059837762e-01,4.993436778321309055e-01,4.983671390424651571e-01,4.999920280888625057e-01,4.993629307060049038e-01,4.957354237514134399e-01,4.983108823256260922e-01,4.998150576264011602e-01,4.995537674694231489e-01,4.996893583279494178e-01,4.996999052448303225e-01,4.979725877065364625e-01,4.879231745148416843e-01,4.992034897490935097e-01,4.961285413042976766e-01,4.998373713775613458e-01,4.914102794536355789e-01,3.149522356336772466e-01,4.998403991375154898e-01,4.998980243649209232e-01,4.965392527856195004e-01,4.999716178779670672e-01,4.996456222900446109e-01,4.999727224178178164e-01,-4.446999357247666818e-01,4.993073287279196637e-01,4.997360096412403196e-01,4.958467366530770470e-01,4.996697935736962859e-01,4.972987461375610319e-01,4.965519996406264625e-01,4.959815225500250335e-01,4.997252223506836177e-01,4.956451479403947702e-01,-4.463263819645972852e-01,-2.694580605815543040e-01
4.892820965309597758e-01,4.843678938938301703e-01,4.973182224533163054e-01,4.980136556766890377e-01,4.982114597157867308e-01,4.563994992617673163e-01,4.987113865502852961e-01,4.971493792930410938e-01,4.862281354147944823e-01,4.891367941428800270e-01,4.894261353203651077e-01,4.556910749994902421e-01,4.990773265826071170e-01,4.985833059791480171e-01,3.332746087433201554e-01,4.575636396411730811e-01,4.664940930592284540e-01,4.985747548397025941e-01,4.969173169705451976e-01,4.973893693770359836e-01,4.993779699747132317e-01,4.996514813197195370e-01,2.593909252485011585e-01,3.010945635718044189e-01,4.179344431119223491e-01,4.969948200271606109e-01,4.871976036907048613e-01,4.993371895608167410e-01,4.848575511193757848e-01,3.969625507162904410e-01,4.978698897179454352e-01,3.313537221959720891e-01,4.924362816211365623e-01,4.577694613750321051e-01,4.948143885807398945e-01,4.998557264240549025e-01,4.982362435402253320e-01,4.995468128807473152e-01,4.856612275016660152e-01,2.813272333755942323e-01,4.852746111143178553e-01,4.991610858342192536e-01,3.933053833072602812e-01,3.823360179662228520e-01,4.988928989121735325e-01,4.993651149048276561e-01,4.856649403347504945e-01,4.574991137711489908e-01,4.974026746573811386e-01,4.194394674342649121e-01
3.945791885124573239e-01,4.433521815182827064e-01,4.088504317994227089e-01,4.714954531684838468e-01,4.825316452009411616e-01,4.909843544136209825e-01,4.833385275553380711e-01,4.880385478225164331e-01,4.858853472732151957e-01,4.883260784169461410e-01,4.738046169330066837e-01,4.750778828567199796e-01,4.831107144129056508e-01,4.575846975786425630e-01,3.937587906972837004e-01,4.891238219501988227e-01,4.878753789494560955e-01,4.923330209331479579e-01,4.583538268807153537e-01,4.701170478195752511e-01,4.481289414441713137e-01,4.855453928430785160e-01,4.775751796248715597e-01,4.758977393135018774e-01,4.759115502640339779e-01,4.817659504667339831e-01,4.717858107679885338e-01,4.818721992551226463e-01,4.603681263954580993e-01,4.919734822518487261e-01,4.895173767116058339e-01,4.647274881521979983e-01,4.931176350048333545e-01,4.799157386389327762e-01,4.905631608453884795e-01,4.821796614346186560e-01,4.850781863230324009e-01,4.871552430107769505e-01,3.893598263393708292e-01,4.789257055666971130e-01,4.332852771357011412e-01,4.958929052229979484e-01,4.809227667865448863e-01,4.593572233525645143e-01,4.833130404080235309e-01,4.818316222290133233e-01,4.694091828990502591e-01,4.669159624220253213e-01,3.970754332189398439e-01,3.767871242124896103e-01
4.274618802260517492e-01,4.544191251890167260e-01,4.636091228463484204e-01,4.880440348906792125e-01,4.710047343510951889e-01,4.627285292921061166e-01,4.672055141647658005e-01,4.988844644135598805e-01,4.952146247779315447e-01,4.722964693952848569e-01,7.391164869733084231e-02,4.736453488063698258e-01,4.721811343490324719e-01,7.410011916382591712e-02,4.334806940867055314e-01,4.924153968336442144e-01,4.813975843524858078e-01,4.959641862985494920e-01,7.262685734309685948e-02,3.991626877192753220e-01,9.843034084612568846e-02,4.894120803364682137e-01,4.724092484149826077e-01,4.714364632633227803e-01,4.751713618151650054e-01,4.820128190807827506e-01,4.832351829836885604e-01,-2.537413725699567690e-01,4.831570688573172956e-01,4.843112082068280477e-01,4.551250782607533796e-01,4.626917265188613682e-01,4.890571966622732636e-01,4.820794646128571115e-01,4.956107603130159300e-01,4.931967915600015684e-01,4.831232855684560179e-01,4.913590818594397169e-01,4.062185343624815648e-01,4.060510773187612776e-01,4.813284189822796266e-01,4.675848729504438195e-01,4.824712923537359255e-01,1.975539436122061288e-01,4.749649123229728320e-01,4.707696424299792626e-01,4.810458854758110636e-01,-2.425014293749692407e-01,4.399570614731952989e-01,3.882457833060949937e-01
4.945600044170897491e-01,4.900176669798100848e-01,4.923339521645711536e-01,4.983129500513304166e-01,4.917105735970897507e-01,4.783958916494702174e-01,4.977374528186374603e-01,4.994832317750472761e-01,7.081992783281670922e-02,4.993649625022777427e-01,4.687022050897894920e-01,4.960604537777895673e-01,4.978053353976941153e-01,4.620270993217388544e-01,4.857705459454205732e-01,4.988933393649853665e-01,4.963628146456441348e-01,4.982825877988388830e-01,4.539041139886335063e-01,4.860476500249477638e-01,3.477035157956512301e-01,4.986840035068059729e-01,4.957735258148809887e-01,4.934233137164392713e-01,4.955224193957656342e-01,7.098288017401643835e-02,4.897465996806246724e-01,4.264349231387456474e-01,4.939520889902038747e-01,4.961739860227260546e-01,6.879248628974479751e-02,4.555588041324320492e-01,4.969003557815509509e-01,4.983881135670030771e-01,4.984734593921992807e-01,7.080307247882580701e-02,4.938731848396619162e-01,4.922174237718517920e-01,4.848188918991108154e-01,4.855423378198901463e-01,4.889609814029347024e-01,4.882811783381253434e-01,4.965591824901416373e-01,4.669546908159050713e-01,4.959532104462239799e-01,4.920319079023871556e-01,4.941977296163032607e-01,4.211621906436121554e-01,4.966264380961106228e-01,4.356361571728442073e-01
3.920748219994679151e-01,4.931550361161585183e-01,4.820995405859469507e-01,4.979965315775732870e-01,4.966019793788888359e-01,4.971447263605532352e-01,4.903454238752948391e-01,4.990152776035023385e-01,4.961647398977884205e-01,4.981024150776974246e-01,4.879758772757685770e-01,4.864063631106350649e-01,4.982451292546386523e-01,4.809137325338397329e-01,3.856248360013417309e-01,4.988191769661453612e-01,4.986254908442180889e-01,4.983627054310793558e-01,4.863008887646225187e-01,4.861745953468725734e-01,1.788530503338487399e-01,4.990794368744519982e-01,4.714811752993297578e-01,4.980230998992594138e-01,4.937384370931722777e-01,4.908834772466809104e-01,4.882968098748662333e-01,2.954456897028597262e-01,4.939399523504612866e-01,4.745193788788088507e-01,4.922860169656740892e-01,4.428806035547295239e-01,4.938589533687179900e-01,4.980148087418370673e-01,4.984181194900051959e-01,4.977519224996257985e-01,4.928398551827964935e-01,4.925594566662055973e-01,3.692647966386558012e-01,4.946282227161417633e-01,4.910072077948101077e-01,4.829550433948630039e-01,4.939393380984970494e-01,4.761205980843730701e-01,4.977462519766805427e-01,4.835965001854105605e-01,4.947887955706744001e-01,2.987550170881670408e-01,3.928814074620208263e-01,3.395347837793441514e-01
2.878959136480938596e-01,4.917077725469553018e-01,4.843654898641183704e-01,4.961215367608980964e-01,4.986322088205117353e-01,4.944692894941417616e-01,4.640307542090105208e-01,4.993814631065493503e-01,4.968100355919576883e-01,4.990212826101279586e-01,4.947859213496762498e-01,4.631827346768747078e-01,4.961230258039487362e-01,4.573872491729853995e-01,2.828541049781025940e-01,4.966414792618299989e-01,4.977219372661568220e-01,4.982514750602934916e-01,4.922171975555917900e-01,4.584735837269068304e-01,1.160024670877819603e-01,4.986998451872914351e-01,4.913575182233967942e-01,4.925650732361248063e-01,4.904073380038222463e-01,4.905036420327567592e-01,4.888090738426002502e-01,2.323724674496992493e-01,4.911318965620183330e-01,4.964396069168490189e-01,4.915684530796821106e-01,3.951763725755336187e-01,4.956375903460304988e-01,4.967396193999537579e-01,4.985636780148915981e-01,4.985189416453579270e-01,4.931247550328021756e-01,4.940177285000660334e-01,2.624168371206266892e-01,4.907972068360902940e-01,4.909414036298747064e-01,4.894674777756367057e-01,4.969558315562885853e-01,4.697188362702970910e-01,4.952477468523064918e-01,4.574843501885025310e-01,4.942469466998474226e-01,2.399612727102043708e-01,2.873912523728535118e-01,2.121684240050399906e-01
4.864169375200314560e-01,4.760090730229111222e-01,4.966590459503965049e-01,4.950464119471955082e-01,4.949495764510843387e-01,4.736815799982094788e-01,4.909841458567525962e-01,4.985184143105618748e-01,4.930314468812521111e-01,4.956872078427707051e-01,4.694972671547630316e-01,4.711906611487868823e-01,4.978576045048289656e-01,4.627736604036353785e-01,4.240500850744185479e-01,4.777823995066909357e-01,4.768038778259904853e-01,4.945827358793471462e-01,4.683387174857469026e-01,4.906447888240622057e-01,2.908063043742077896e-03,4.985848181533734103e-01,4.144271880317643153e-01,4.152419676348371724e-01,4.543931649257936245e-01,4.914389783651971766e-01,4.868768824483541424e-01,5.534051645559999455e-02,4.775354932463319324e-01,4.758245857396056211e-01,4.893867410755589620e-01,1.502988763861897170e-01,4.933677901440667868e-01,4.740409068281856153e-01,4.974458155849069141e-01,4.970761474113065681e-01,4.967348360605386426e-01,4.960603093725284296e-01,4.815089771274666530e-01,3.991366034286219500e-01,4.779583894088234586e-01,4.950577419253152645e-01,4.737718630083722626e-01,3.463596768519937030e-01,4.985624408165558741e-01,4.890523916723830133e-01,4.798469838279661448e-01,4.938898474323131366e-02,4.964738262766358323e-01,1.446904544352845545e-01
4.451285409210950506e-01,4.740320531574060414e-01,3.686734904970105919e-01,4.803437513812781057e-01,4.703820850997068592e-01,4.811284885810965806e-01,4.975615345011389912e-01,4.873250525242345255e-01,4.629045195167356130e-01,4.951419040179589337e-01,2.915340380606828985e-01,4.740272533949911327e-01,4.840601267636729377e-01,2.922219955687927473e-01,4.469135556391302666e-01,4.861662698766013868e-01,4.827101716113034735e-01,4.897537266342034679e-01,2.884403755719424645e-01,4.691632462234333611e-01,4.614800685039062711e-01,4.925537317658773007e-01,4.643888680705293148e-01,4.893921742235950445e-01,4.831768970245666761e-01,4.758890860289108349e-01,4.818132982215344584e-01,4.820634674930784347e-01,4.749658171104050308e-01,4.678642837667475463e-01,4.686635121233334034e-01,4.620583911557423207e-01,4.771149992807170448e-01,4.852647881227316606e-01,4.935347444484114443e-01,4.800141004438576720e-01,4.649351722667012798e-01,4.849093841990592679e-01,4.369980251865870358e-01,4.758761095882177994e-01,4.627906401322642860e-01,4.843371659954373021e-01,4.682063727613855475e-01,4.622046631515862591e-01,4.845952026769188015e-01,4.980309156644895929e-01,4.896645890498397824e-01,4.797044643760686733e-01,4.607707210074813986e-01,4.380805225055090513e-01
4.507637121833312777e-01,4.853143129132163058e-01,4.817161898474392467e-01,4.929132564412686546e-01,3.783895466942598929e-01,4.807260618720102241e-01,4.820339094803334778e-01,4.970693748814097868e-01,4.872670831342866271e-01,4.794944729229069780e-01,4.545516509727373089e-01,4.887971115973556713e-01,4.847923518912253260e-01,4.422663996636360118e-01,4.391222522996358624e-01,4.941806544725991235e-01,4.870987095881208484e-01,4.966154167390150476e-01,4.486052381557970592e-01,4.838932379005321249e-01,3.603812111469859580e-01,4.911417977940537027e-01,4.122780274038156390e-01,4.848658685234823462e-01,4.739242913178968175e-01,4.578067247603495038e-01,4.893532247369615784e-01,4.681162899363310315e-01,4.921453335042547672e-01,4.150451080606475940e-01,1.432779106079945519e-01,4.914668204086327652e-01,4.869449994351274791e-01,4.864264212298188839e-01,4.938247647599147694e-01,4.835445827444494471e-01,4.012300475078239836e-01,4.683506082238779178e-01,1.350405830432608589e-01,4.811091776029097766e-01,4.739869003396420810e-01,3.623690663231386999e-01,4.869852417465324046e-01,4.201070941840178152e-01,3.468383999669327755e-01,4.657624870697725239e-01,4.902881008781900252e-01,4.551307091515047198e-01,4.615890783816601894e-01,3.421829848198186252e-01
4.913279796023097834e-01,4.979489822956992273e-01,4.986474569890123609e-01,4.994535341540955464e-01,4.914103134189893862e-01,4.779582174852616272e-01,4.978780402490654011e-01,4.995300436515683895e-01,-1.849610923062910972e-02,4.997776822258339635e-01,4.963740191041821070e-01,4.947666696181599599e-01,4.990694738144169640e-01,4.925829152532721911e-01,4.888076780223146178e-01,4.985657096252188447e-01,4.999111722906325328e-01,4.999564631872422948e-01,4.783468696589954772e-01,4.954906698751976313e-01,4.923477649013017765e-01,4.981817477224628754e-01,4.975220114327935095e-01,4.932166460542652398e-01,4.996136741572154705e-01,-1.706858701647098395e-02,4.943063069006783938e-01,4.980437188180326658e-01,4.988509062821883111e-01,4.959506368320846792e-01,-1.531302285680167727e-02,4.993895602961143099e-01,4.986656905353241132e-01,4.996815720840753761e-01,4.992405021324721748e-01,-1.817336343465547274e-02,4.950173617404589055e-01,4.967266362328294216e-01,4.918594124568151371e-01,4.985113737341392293e-01,4.990345536688913786e-01,4.929320312886250610e-01,4.959244717750225240e-01,4.913872844783973015e-01,4.994891230124835491e-01,4.960707762229249473e-01,4.992236628347704874e-01,4.971601569043836988e-01,4.953595614665993185e-01,4.852793747764158061e-01
4.760280127838324993e-01,4.998098476520999034e-01,4.999398054045389173e-01,4.998873087667571879e-01,4.999013251706223016e-01,4.991208705276197199e-01,4.963368002954737790e-01,4.996434704178647768e-01,4.998471559258028662e-01,4.999679870603048193e-01,4.990034024990712691e-01,4.970049705188198108e-01,4.999038790878223559e-01,4.985047274238872950e-01,4.783727749218287806e-01,4.963434787862439079e-01,4.999736114246800534e-01,4.999977541470082554e-01,4.982369780767047507e-01,4.997364298117375481e-01,4.791811298489445092e-01,4.999228621865055011e-01,4.754332352631711611e-01,4.999754098527072754e-01,4.998707606126725489e-01,4.998427097262716501e-01,4.960020836166442182e-01,4.935882931475684132e-01,4.992044309374883970e-01,4.754243408592062070e-01,4.980381901567915715e-01,4.997125383893518125e-01,4.998279488265653381e-01,4.999325420117382568e-01,4.966646868862237274e-01,4.998931900044187859e-01,4.987165246959980869e-01,4.999127675484141275e-01,4.567202068417192673e-01,4.996438634774524878e-01,4.998587224267846962e-01,4.981708556246754460e-01,4.969036139558536402e-01,4.989580581567675810e-01,4.999126798026118368e-01,4.998113627249411439e-01,4.996144710403758737e-01,4.903327982429453447e-01,4.786362805951525079e-01,4.710103790562723547e-01
2.251661946405571491e-01,4.997246010331430899e-01,4.999660893014883922e-01,4.999222239132331547e-01,4.951279465053035067e-01,4.990778876249404861e-01,4.994745193485490287e-01,4.999781391047204981e-01,4.997933190799465630e-01,4.999840124970196253e-01,4.986519080183766661e-01,4.994327379320497307e-01,4.990838724606999621e-01,4.991213367912945564e-01,2.229293147492812377e-01,4.998827046795435991e-01,4.998000701528966250e-01,4.999970705834649309e-01,4.992484129604629617e-01,4.983057062625431133e-01,4.930933653542833306e-01,4.999553770655802420e-01,4.998195115136730426e-01,4.999725777560193873e-01,4.989406849209676587e-01,4.997477954815386925e-01,4.969378464388893857e-01,4.966389972370824357e-01,4.986905776344038865e-01,4.998727122828798830e-01,4.946776578015199544e-01,4.997403363904223683e-01,4.999452358855215883e-01,4.999762690039315505e-01,4.998249049609091443e-01,4.999805142685042614e-01,4.990238624832853409e-01,4.999890013057816107e-01,2.234336484099969100e-01,4.989102432946412868e-01,4.990234668224270975e-01,4.996778472221561351e-01,4.997346335422697128e-01,4.982396676705192484e-01,4.999172925804176715e-01,4.986225638603846155e-01,4.998878274629348639e-01,4.962421338772816659e-01,2.253239996100530051e-01,2.213517090457249592e-01
4.729790379762305874e-01,3.249627089520192857e-01,4.982301229274248011e-01,4.968824638969122076e-01,4.958163100991686556e-01,4.692737282380120556e-01,-1.439333115959900988e-01,4.998863582282197515e-01,4.977472890347173773e-01,4.999170997413412421e-01,4.976141394095401349e-01,-1.381339872499627308e-01,4.924464561598512757e-01,-1.448144823311950102e-01,4.693843680524518724e-01,4.775290867696667108e-01,4.981150607383491025e-01,4.987732869749049169e-01,4.983125554106089816e-01,-1.446914232039470949e-01,4.869517963286209561e-01,4.988798914770901649e-01,4.932449807009848253e-01,4.719812139535176643e-01,4.502928083734002440e-01,4.996708600839014913e-01,4.819261961659729865e-01,4.919878656733282507e-01,3.248542248619189499e-01,4.995340442794368729e-01,4.973483520606724051e-01,4.352696657899887689e-01,4.963494341987552683e-01,4.771329383467197149e-01,4.990908409118107736e-01,4.998743505220516470e-01,4.994084443968478393e-01,4.981521805606252129e-01,-1.265347076589478648e-01,4.699013011957055008e-01,3.254486914587643165e-01,4.987264247808035900e-01,4.991664061965787602e-01,4.358099924765306832e-01,4.989628708952537628e-01,-1.447016666386034267e-01,3.246895292162663704e-01,4.715546955325815026e-01,4.746980606369702316e-01,4.618241946678831034e-01
4.195396528401956204e-01,3.933801597449567700e-01,4.746881441482362352e-01,4.057810674269862194e-01,4.231282273481982714e-01,4.777151235492496095e-01,4.977245511926337018e-01,4.975410344876143309e-01,4.843750076275304961e-01,4.943668476675294188e-01,4.831537044922172841e-01,4.477382832598993390e-01,4.836918930199343158e-01,4.854574037214862692e-01,3.911438806551482683e-01,4.566956420083706503e-01,4.942867717191485877e-01,4.587323859819696925e-01,3.687438092635335618e-01,4.692382433144693943e-01,4.716669038256690039e-01,4.912946563942162670e-01,2.866925930656134547e-01,3.952021714297763721e-01,4.039609629228620991e-01,4.567161233387743158e-01,3.905918692250391899e-01,4.171571066197206079e-01,4.794716468378218965e-01,2.663153096615922255e-01,4.933275600344558254e-01,1.534877791001626746e-01,4.583078685513896078e-01,4.912603357189123665e-01,4.983017724715507191e-01,4.920596634075833364e-01,3.805940401709701493e-01,4.939053826805301362e-01,4.593780373597174949e-01,4.701542690368915589e-01,4.668143157824297673e-01,4.550702589698915612e-01,3.063157646443187554e-01,2.503013390543951111e-01,4.961692213233466764e-01,4.983190365061085370e-01,4.878712277700347211e-01,4.955333714399496881e-01,4.483931269987483370e-01,2.135118769291848018e-01
4.200589242833911996e-01,4.735976243913109784e-01,4.723594777713033821e-01,4.747362688447815393e-01,3.904240193670346915e-01,4.814428046663578598e-01,4.736952075594770273e-01,4.901347155490253793e-01,4.898330632385363148e-01,4.825346377484595051e-01,4.142006017042000887e-01,4.770735253648257790e-01,4.802283897059140827e-01,3.919247114139881583e-01,4.125414730774504823e-01,4.796116858400723548e-01,4.770280328289617788e-01,4.726838462746974501e-01,4.242063498648166453e-01,4.658661547024868232e-01,3.716261974250812949e-01,4.802668295643655050e-01,4.076041894626188933e-01,4.848694704108464926e-01,4.714432025123871939e-01,4.466047090606909964e-01,4.708942062701546583e-01,4.771070415439568890e-01,4.693171874545226108e-01,4.028818950799585852e-01,4.757715938318086146e-01,3.721420785717174939e-01,4.795572945791090058e-01,4.834067104148792038e-01,4.735753595232533586e-01,4.809103718482980461e-01,3.772663420970523429e-01,4.574602877418207370e-01,4.016427330850677602e-01,4.553307532740041852e-01,4.570581495896739455e-01,3.659424186223336761e-01,4.775809183054660068e-01,4.549175344361430784e-01,3.372080560609761468e-01,4.211460196277584944e-01,4.659017955384716636e-01,4.693549090955344005e-01,4.351489583246187509e-01,2.630512710286349032e-01
4.663034470059163605e-01,4.732902226517355926e-01,4.734627610638806883e-01,4.960351629937473916e-01,4.856416907368533709e-01,4.479049139293710957e-01,4.974806092083078890e-01,4.994917669589978293e-01,-7.170800336736191105e-02,4.989801022506351047e-01,4.953959625679895673e-01,4.922921047172683084e-01,4.941595739726684644e-01,4.742319055470020084e-01,4.360334288504209566e-01,4.984748722161528312e-01,4.976751091672514393e-01,4.982167407765955569e-01,4.769356038240957774e-01,4.968701317176242305e-01,1.778005901624009344e-01,4.980481061023422362e-01,2.685888816955022129e-01,4.964042484441560377e-01,4.930599039001718475e-01,-6.866720584236507552e-02,4.964024921569681337e-01,3.121563797313548494e-01,4.946237211262919375e-01,4.886471556671524441e-01,-4.916900912111928090e-02,4.526035904115285335e-01,2.738297795179377436e-01,4.982695641302300471e-01,4.982318083123555841e-01,-7.360705812892852362e-02,2.621771415677260353e-01,4.612212139227830909e-01,4.635603257757124340e-01,4.953534053464025422e-01,4.889607227420507685e-01,4.720436567094771774e-01,4.739577523287951122e-01,4.570536663014155287e-01,4.923385379180751364e-01,4.764687527904317155e-01,4.944684832369887206e-01,3.023388239145217149e-01,4.743754987943994417e-01,4.315602662121325594e-01
4.831379897318567318e-01,4.916438733600141386e-01,4.786002660093393035e-01,4.930116894993205046e-01,4.970875002841725898e-01,4.932475929991300689e-01,4.979733138099429191e-01,4.994899644763571289e-01,4.870899738371480825e-01,4.991217387485444301e-01,4.789266758928171219e-01,4.959289542440855070e-01,4.984464675058418726e-01,4.714344279099453860e-01,4.749778235511697977e-01,4.977220596614782555e-01,4.986647690911821806e-01,4.984404306314080824e-01,4.775395765094086475e-01,4.984679545304618320e-01,4.055672124572336501e-01,4.960737847587272653e-01,4.869642707521935066e-01,4.973153961204120899e-01,4.928865790882551168e-01,4.840201595106649601e-01,4.971652424316783114e-01,4.575419290756139734e-01,4.799606864709848320e-01,4.947914032146478736e-01,4.816515947039558543e-01,4.487966634484316097e-01,4.908978497614182590e-01,4.959803699172840585e-01,4.980811802918254094e-01,4.907389773330120830e-01,4.905943597132306766e-01,4.928969728621573898e-01,4.699662724084052723e-01,4.967245278076560244e-01,4.926237539379375030e-01,4.916161256236353250e-01,4.964043295382878362e-01,4.765993946415635341e-01,4.979769225404914734e-01,4.929886268086259293e-01,4.957482161410167731e-01,4.488416625087881529e-01,4.827848143377901358e-01,4.150753922847565947e-01
4.269337364991149242e-01,4.937171913632519837e-01,4.858849005333913396e-01,4.967548349511042294e-01,4.751455132171847895e-01,4.942160633187314689e-01,4.832602600517780234e-01,4.990066739134841334e-01,4.873361604929024593e-01,4.993524327239680094e-01,4.585531958005265030e-01,4.807052241822365457e-01,4.979726755862585730e-01,4.444094238059191904e-01,4.057445902045370145e-01,4.981917551353606810e-01,4.992107184812737963e-01,4.984482811082559528e-01,4.575598013964592425e-01,4.796019342618416670e-01,4.762795541360740903e-01,4.986614374555111140e-01,4.937613997210997252e-01,4.962142243446611700e-01,4.943846158627402954e-01,4.880331079206997602e-01,4.967684306228575264e-01,4.986231214270668288e-01,4.933874951602493231e-01,4.950228830906963085e-01,4.789108057523170925e-01,4.350982697145797107e-01,4.975618921701214226e-01,4.976425276169563205e-01,4.985964910936019345e-01,4.906291341363814285e-01,4.955593639961249353e-01,4.980260032815541638e-01,4.079685116309125226e-01,4.944209052276227756e-01,4.947677661181796305e-01,4.967836036962974822e-01,4.947505394922182553e-01,4.649141603930716515e-01,4.985069042514876370e-01,4.812192867154086451e-01,4.956758690724081262e-01,4.892080456992070059e-01,4.289324461451033965e-01,3.716223410646883329e-01
4.513490498004371632e-01,3.092651938362002695e-01,4.986282404460093964e-01,4.953829044716203667e-01,4.953306295193448672e-01,4.796770610579579319e-01,2.790895320980670835e-01,4.991640634123972742e-01,4.386761290599036633e-01,4.984315809801991293e-01,4.224168178584144506e-01,2.436956477379117469e-01,4.903167076974362937e-01,2.371738913679934668e-01,4.487039902082038956e-01,4.913868288214476854e-01,4.977086478383367374e-01,4.905082781158046634e-01,4.204989343593989459e-01,2.746573201861863822e-01,4.215107044222122790e-01,4.990423672353110351e-01,4.840068889487482706e-01,4.798616782250569868e-01,4.712724358007450154e-01,4.944746953291002112e-01,4.782563465560840665e-01,4.707699952259670195e-01,3.118663135099646877e-01,4.944737787601846679e-01,4.805216292476060524e-01,3.123282495832961914e-01,4.885876404029603770e-01,4.824017656217630123e-01,4.978703122134325310e-01,4.958895841528893067e-01,4.963923223924583406e-01,4.963708474519978875e-01,2.144746709904455928e-01,4.731028355482631009e-01,3.108603688469120385e-01,4.969575010774240909e-01,4.945631807210204012e-01,1.892546389770979332e-01,4.978635445239152912e-01,2.793617057701588413e-01,3.111398427434646785e-01,4.564082741402063492e-01,4.563952257803787771e-01,3.752609341069958471e-01
4.266536122767708439e-01,2.958205404771018787e-01,4.541557641480075680e-01,2.841436490877883303e-01,4.338510524222720099e-01,4.824839791287615642e-01,4.979843889910480770e-01,4.987781772002248815e-01,4.969565268347694298e-01,4.938047478199739659e-01,3.092442116821252363e-01,4.665799697034695992e-01,4.880377034906876466e-01,3.069067282389595364e-01,4.164994977206023519e-01,4.646466413120097227e-01,4.959294246760885816e-01,4.672475254676203282e-01,1.672061511122258093e-01,4.049169012775020171e-01,3.498044933014643476e-02,4.944964154334647310e-01,4.486099781838626122e-01,2.792266727763913492e-01,2.806317917838376808e-01,4.592045373967980626e-01,2.876282560124092669e-01,-1.345179840451226350e-01,4.935916983389076473e-01,4.290389240837838014e-01,-4.007321998591757695e-02,3.997848959324333817e-01,4.626742977341140595e-01,4.947663002439302571e-01,4.970566871938853493e-01,4.925077775612182185e-01,3.814440683383166775e-01,4.877840450846778753e-01,-3.992360370415463239e-02,4.074324611484652636e-01,4.690124144189018462e-01,4.585237530575047571e-01,4.883357774555704967e-01,2.810925856668005651e-01,4.911375322247526487e-01,4.940253357923660715e-01,4.933972111654106318e-01,-1.456832661655494687e-01,4.723985538504031911e-01,3.568395761466726102e-01
3.683133440462242891e-01,4.232470230370346531e-01,4.280375550118634131e-01,4.523519795972286150e-01,4.176354703737200635e-01,4.641721359152871096e-01,4.770943072720587597e-01,4.762046115136017166e-01,4.817964941927893596e-01,4.744482117230726104e-01,4.195121330837872642e-01,4.836235743283139321e-01,4.522879750267465582e-01,3.800100523045705225e-01,3.716574316335635175e-01,4.719542837058598450e-01,4.191245121321645062e-01,4.550345611763555453e-01,4.251726457617308608e-01,4.701383230431045446e-01,4.392987901426260167e-01,4.701884396193811155e-01,4.082372497237568010e-01,4.821101294657524350e-01,2.465899660737113641e-01,4.158242064865745324e-01,4.672508988622680604e-01,4.716415050963785327e-01,4.662681313659097215e-01,4.003626814668911349e-01,4.200189881341131470e-01,1.882124634707959265e-01,4.147374740763909440e-01,4.676491723704058190e-01,4.139853809746480984e-01,4.728639962443472733e-01,4.017589917442824232e-01,3.816989159847095636e-01,2.078088512578541436e-01,4.585868502360406773e-01,2.391251532237006761e-01,4.074600180678507599e-01,3.805708224501664350e-01,3.756673368354393472e-01,4.669241946102306584e-01,3.943576126028329742e-01,4.733398390006076650e-01,2.661575379804422270e-01,4.127574893590373883e-01,1.963604887039124280e-01
4.412959485599733944e-01,4.948481861030147866e-01,4.582808809955813412e-01,4.984285978745676138e-01,4.912459553162546455e-01,3.833913036196808233e-01,4.965529842860194054e-01,4.978292098444520586e-01,-3.744355922691942201e-02,4.986256415569714218e-01,4.979808545031595979e-01,4.956419204269413847e-01,4.961407285579710891e-01,4.925809284439620628e-01,4.089605665058995698e-01,4.988111656677064465e-01,4.996920581205303025e-01,4.997306333174069692e-01,4.790707053819988626e-01,4.971625265175480535e-01,4.884734134913579218e-01,4.910211008443092773e-01,4.866195768371811003e-01,4.993907970868114443e-01,4.996475435647252938e-01,-3.806959713321302757e-02,4.943061437403836744e-01,4.950681713795200833e-01,4.977963186673747820e-01,4.976959920991150810e-01,-3.778475831466917428e-02,2.211244187515621074e-01,4.878658713563552851e-01,4.995098575042707933e-01,4.995984326202302372e-01,-4.034183794947551749e-02,4.800256593620534362e-01,4.926589812066735630e-01,4.481127074492329831e-01,4.989605974957786461e-01,4.937677140606351323e-01,4.876062875802574248e-01,4.666770006060582676e-01,4.923658985590084192e-01,4.974170678549487135e-01,4.913215159493209971e-01,4.971871133207231286e-01,4.950230348005520420e-01,4.484560542933899163e-01,1.769602568601585935e-01
4.979019403172865177e-01,4.959869277971030721e-01,4.998042691907679802e-01,4.924987545960659019e-01,4.990330654796938936e-01,4.981145553896328404e-01,4.989040005778593301e-01,4.973924608430623229e-01,4.984171901903212132e-01,4.984495770243458912e-01,4.994822603016861873e-01,4.957664294145405215e-01,4.996793079861532871e-01,4.957595776083634220e-01,4.967508111705455920e-01,4.989399062845663591e-01,4.998934782998682991e-01,4.999924836085311020e-01,4.992355990267494659e-01,4.996454507952260982e-01,4.859190620198096111e-01,4.962187537659718539e-01,4.977988599772353306e-01,4.999477697799418752e-01,4.959998127381694544e-01,4.985003463054930029e-01,4.983040048021364354e-01,4.927763880523367002e-01,4.980924532194742627e-01,4.998445083129979816e-01,4.963640496334438823e-01,4.963064400356574923e-01,4.986776286128723479e-01,4.951170369359445544e-01,4.982146849460710736e-01,4.985435604084588745e-01,4.984874053306025399e-01,4.998666720427035748e-01,4.929015803789391081e-01,4.998392535266957815e-01,4.997862456533466724e-01,4.940510291604291448e-01,4.995402874769844237e-01,4.990470727996668687e-01,4.998991955094093664e-01,4.997341545938228657e-01,4.983732335691999360e-01,4.928883618918180054e-01,4.942843164194208883e-01,4.925506381327260375e-01
4.997261715706944329e-01,4.998908507307415761e-01,4.999380976745999017e-01,4.999856734069332287e-01,4.999629996917105412e-01,4.983085297306981132e-01,4.999507112646179308e-01,4.999927195372100286e-01,4.999506997960786459e-01,4.999931584018138531e-01,4.999424093110459433e-01,4.999303036249223009e-01,4.998781005199116056e-01,4.999819689733743799e-01,4.997454819479161259e-01,4.999100891789043932e-01,4.999904348772444829e-01,4.999986599506279217e-01,4.993913504596153019e-01,4.998961973903076061e-01,4.996969402671272986e-01,4.999709369434172657e-01,4.999874704283057136e-01,4.999995377249061845e-01,4.999715963296471610e-01,4.999879173956283118e-01,4.998665817922648968e-01,4.999372089116977946e-01,4.997684546938729877e-01,4.999888793771544715e-01,4.988842651481920631e-01,4.998269080914685691e-01,4.999935469938600052e-01,4.999983958207703250e-01,4.999443905609636252e-01,4.999940011410313745e-01,4.999310527582795927e-01,4.999910511437116178e-01,4.996507682423746433e-01,4.999188145333318123e-01,4.999413575282259936e-01,4.998887782618897657e-01,4.998782970388056524e-01,4.995714448872941027e-01,4.999770113676473282e-01,4.999799422844304897e-01,4.999119124663707892e-01,4.999166877626734506e-01,4.998989283139825823e-01,4.996710039029858552e-01
4.626777744171420292e-01,4.429459058797114990e-01,4.976579343455800331e-01,4.790396631145043549e-01,4.976587399154059344e-01,4.690363618597548911e-01,4.704864392762289071e-01,4.999586494054318320e-01,4.805469173945610128e-01,4.999734070305775213e-01,4.973836932898941798e-01,4.443597466028825216e-01,4.957824898162004890e-01,4.686878695520491633e-01,4.614637960051593546e-01,4.902678309900557752e-01,4.994741861331871147e-01,4.730620636130970502e-01,4.973144333385737248e-01,4.584308908724212817e-01,4.764141734677008189e-01,4.966506170250862273e-01,4.993205220219258389e-01,4.905623092987599909e-01,4.775836232707979523e-01,4.998507030245753491e-01,4.927823580794303271e-01,4.920668282129670446e-01,4.416096556460223921e-01,4.997106015083099262e-01,4.822536942723461562e-01,4.034582908744199781e-01,4.562934018666434111e-01,4.645191091407603889e-01,4.854127083154489708e-01,4.999641964360855839e-01,4.982575964947636993e-01,4.992104254348799786e-01,3.920124106676828313e-01,4.887388149885232291e-01,4.546540645043684048e-01,4.756480682830698248e-01,4.997438033032494120e-01,3.734570594391067172e-02,4.757849614102547253e-01,4.687421115465505994e-01,4.399824694390686575e-01,4.804552131418973748e-01,4.350154816705767424e-01,4.608340986360761615e-01
4.841003675582831733e-01,3.877651319985980782e-01,4.876402765885272106e-01,3.806375529938088031e-01,4.874890530771418540e-01,4.802331081618150810e-01,4.681554914223505226e-01,4.996914889481817168e-01,4.910577572387245793e-01,4.984730167669632617e-01,3.040257720266268393e-01,4.655570400538115439e-01,4.960795263444038872e-01,2.868267441064162315e-01,3.307554249377547273e-01,4.962725026449040233e-01,4.966528250183963600e-01,4.938352366771060487e-01,2.405314032195667862e-01,4.585448207837270473e-01,4.724544258724193702e-01,4.983955616868681604e-01,3.301815470886331760e-01,2.621437836794228704e-01,3.916122507695909416e-01,4.895028963049554704e-01,3.942975975122148258e-01,4.848242954250358561e-01,4.830434069258320307e-01,4.952374701249637190e-01,4.505279198375481964e-01,4.920191323794809168e-01,4.918557058036777674e-01,4.960396788687034264e-01,4.977224682869389460e-01,4.974375714284788863e-01,4.761907390952076491e-01,4.956688745558109899e-01,4.213443230890231428e-01,3.299310251288921081e-01,4.767795166631901282e-01,4.909746254100809115e-01,4.939871910057355153e-01,1.938928825453077875e-01,4.976425052159451079e-01,4.680072789001444300e-01,4.930396895496248488e-01,4.707792194276549380e-01,4.943258947178909013e-01,4.932841032717977248e-01
3.808464211007188682e-01,4.115888956655380237e-01,4.334713497904102431e-01,4.548782942685515862e-01,4.121657204340386516e-01,4.551719405992837864e-01,4.803174391991845704e-01,4.685594852689354828e-01,4.776804451943538199e-01,4.656401987749525517e-01,4.417375341648353548e-01,4.723131448476062255e-01,4.566774615578718111e-01,4.246188655048478422e-01,4.054095911562120569e-01,4.756435459337508553e-01,4.108722664778891032e-01,4.576104057460725349e-01,4.405740956163237687e-01,4.518533261502741261e-01,3.073020466999603628e-01,4.298555982196599623e-01,4.459362696892676947e-01,4.783716135430401417e-01,1.998087329791295441e-01,3.208525182304576839e-01,4.757428662755424087e-01,4.401246582385282546e-01,4.700985632763985955e-01,4.480116317173460372e-01,3.968882587221109204e-01,3.989483745349503008e-01,4.079520154846658087e-01,4.541426429314591173e-01,4.155270505556371008e-01,4.780732093487141121e-01,3.824905253863000176e-01,3.985747668382388920e-01,1.706545118820201601e-01,4.635723595408049458e-01,1.913498198375414572e-01,4.487536926401957116e-01,4.295422702219377498e-01,4.315568017721609362e-01,4.707197794806882718e-01,4.520501892409529154e-01,4.685865645267587865e-01,2.168050537763570595e-01,4.169655145950279529e-01,4.126849463730477563e-01
4.315101111040900439e-01,4.853390931450961010e-01,3.800518031399143237e-01,4.979592243370030702e-01,4.858404863033938814e-01,3.065292552453972585e-01,4.743212238955364923e-01,4.972532671936549797e-01,1.779100414816096876e-01,4.947797494475041358e-01,4.410097597626251309e-01,4.806231446321454492e-01,4.883915057886963340e-01,4.241006042925728470e-01,3.417085335556367953e-01,4.969001097443050963e-01,4.962596161579478915e-01,4.965620219560276660e-01,4.363641916153673250e-01,4.664515802796476707e-01,4.839056687211843455e-01,4.847939551932839430e-01,4.881338861001218721e-01,4.964092192774891554e-01,4.887564906741933002e-01,2.192949475169575502e-01,4.882432622588028237e-01,4.936850241091617630e-01,4.956252821237777106e-01,4.894735001440843059e-01,2.197693005728017790e-01,4.745023766166887036e-01,4.949102848050874193e-01,4.970838245506001840e-01,4.974616431250417081e-01,2.277989690719734450e-01,4.842733725971699044e-01,4.822383132685126861e-01,4.299468590025046777e-01,4.895941347135032151e-01,4.840789171367635979e-01,4.776285572016907288e-01,4.829779625773497620e-01,4.718477439117032546e-01,4.855461679827175470e-01,4.626373787075089283e-01,4.907134951283633195e-01,4.890906884186529413e-01,4.628135231324403409e-01,4.527606014109701871e-01
4.966778247250956402e-01,4.936890687476304662e-01,4.783004990428152969e-01,4.981093146927079163e-01,4.934836085040869014e-01,4.929349359585262214e-01,4.863233856788394815e-01,4.985738524942894823e-01,4.811908235422003299e-01,4.984372377988247615e-01,4.513008430669056548e-01,4.838916218248949241e-01,4.969172332018463312e-01,4.387221333567694059e-01,4.798938384283580882e-01,4.990958638786762713e-01,4.979489218548310836e-01,4.986030851634220551e-01,4.467456656022178452e-01,4.793181736407229887e-01,3.056959659651581687e-02,4.972427977806742061e-01,4.747546436920505597e-01,4.961811011122408965e-01,4.956736153274846624e-01,4.810048403747008705e-01,4.880007992741777767e-01,-1.510876971349225384e-01,4.956917029439198985e-01,4.919325789538668836e-01,4.738024136821935572e-01,-3.241145469399525081e-01,4.820544944033899881e-01,4.979126937264388708e-01,4.991158307101064007e-01,4.823089049461420919e-01,4.810451844331941618e-01,4.973474679998362014e-01,4.794627012220116780e-01,4.838898582980221685e-01,4.885027316937109454e-01,4.865554241359423271e-01,4.926186896214222455e-01,4.779174833342255124e-01,4.983661624145251379e-01,4.853077435300718334e-01,4.962571128471964244e-01,-1.396556337812725201e-01,4.970121099605651072e-01,-3.909928290947170537e-01
4.506714298482945025e-01,4.952748306485329488e-01,4.887796446815470541e-01,4.964468036498687065e-01,4.983308162706057143e-01,4.952241141229297150e-01,4.990464835062521920e-01,4.996056128610375513e-01,4.953889450569109454e-01,4.987800015372493290e-01,4.491764669971780588e-01,4.977450308207307383e-01,4.989369979416165002e-01,4.493437938515804642e-01,4.463589525837425298e-01,4.987583262577636734e-01,4.991650376508009468e-01,4.987739311924023200e-01,4.443290522498305473e-01,4.903323008367965752e-01,1.571451078220643116e-01,4.987996997870781657e-01,4.919170853298526214e-01,4.966183300157877567e-01,4.968667340106647790e-01,4.945413109288747111e-01,4.962007162719436204e-01,2.747817117694554279e-01,4.964567095598420021e-01,4.926550330045951220e-01,4.897245350189629032e-01,4.490699432047063899e-01,4.979191990186669914e-01,4.985224007305955607e-01,4.989589447864217764e-01,4.969097241517032026e-01,4.977855111418744150e-01,4.983343006052118884e-01,4.424654712828520187e-01,4.893688923525492673e-01,4.975160099957247617e-01,4.957882066588147896e-01,4.958266982496359332e-01,4.720406361817505725e-01,4.985624167723233247e-01,4.984355837368922293e-01,4.972226469999457277e-01,2.830764381649868988e-01,4.494207800563459476e-01,4.021101622465170777e-01
3.943315324574444003e-01,4.936281897866594548e-01,4.949738337215143780e-01,4.664277568316461675e-01,4.823900833030219104e-01,4.699752409334780334e-01,4.565285863678458234e-01,4.996383369114659190e-01,4.908637466174294861e-01,4.990968106086841605e-01,4.477783449311756314e-01,4.485974572960141904e-01,4.976880287569675487e-01,4.083722533141531108e-01,3.768260342381684613e-01,4.963827772646852710e-01,4.986590315836239573e-01,4.820256354211609473e-01,4.431434811213397218e-01,4.404350847102770916e-01,2.918935000526327594e-01,4.935411487472823322e-01,4.914395980558725618e-01,4.934073473125210052e-01,4.893221597487259489e-01,4.939038449446924717e-01,4.940279743567529414e-01,3.915301605588367151e-01,4.960628978614523565e-01,4.950275483123546261e-01,4.911313800776085370e-01,4.248376753067110156e-01,4.575507808991758352e-01,4.798244841220806745e-01,4.962366913541683133e-01,4.991347998108139894e-01,4.941657115313480286e-01,4.945439414824749913e-01,3.463379554103581670e-01,4.798680476612932067e-01,4.961322334439773329e-01,4.887791189349493526e-01,4.961438842194313414e-01,2.855716184996300311e-01,4.940452264271482652e-01,4.518747729588255546e-01,4.762539812546331408e-01,3.869070518508962997e-01,3.761917479008717868e-01,3.652166575123685921e-01
4.880322513481096247e-01,4.836986081079754363e-01,4.639759268067826237e-01,4.828931029848100853e-01,4.828100553949185580e-01,4.570870205759303695e-01,4.628623458437311489e-01,4.988507301745806477e-01,4.828922397786966636e-01,4.987236299102449366e-01,4.585392854529996010e-01,4.602179550157308729e-01,4.867421726075267796e-01,4.246057701287799802e-01,3.348717535723824690e-01,4.967092354158272882e-01,4.885760321886201685e-01,4.937758919690548587e-01,4.537440467492450114e-01,3.043024470183276486e-01,2.071685428425419084e-01,4.969539343461004122e-01,3.422247163829526539e-01,3.425903933488488318e-01,4.784330083107854459e-01,4.778431997880704940e-01,4.891401352832189797e-01,3.982423857044679605e-01,4.907867290391618731e-01,4.879185536306226978e-01,4.901111375830294326e-01,4.598114038168202855e-01,4.928278709547503911e-01,4.943103433631452215e-01,4.887540827096892304e-01,4.937714600298778178e-01,4.757064933609157498e-01,4.795684962256491213e-01,4.461362759648898058e-01,2.292855804788463958e-01,4.763585832922039298e-01,4.746058693818020480e-01,4.815348285520664740e-01,4.645841785732424678e-01,4.970876256316080766e-01,4.537131153544910478e-01,4.968694590845690873e-01,3.871797511106809253e-01,4.892978512701487981e-01,4.592152356234464605e-01
3.885397482878581998e-01,4.669739532182269337e-01,2.182906058269349636e-01,4.744000311023904848e-01,4.733132284528228650e-01,4.597681606571726309e-01,4.902669765895033005e-01,4.824886826628869141e-01,4.679275109651392373e-01,4.732575399443103570e-01,4.811484893240294825e-01,4.843109828313165721e-01,4.780558050321261909e-01,4.509838776259103565e-01,3.486412825958375983e-01,4.861306721889039340e-01,4.725885486988070094e-01,4.719894609002189267e-01,4.750667061699248017e-01,4.619509221060810744e-01,2.679164664378277938e-01,4.433523534063040228e-01,4.586874062506135497e-01,4.864305245877891815e-01,4.492333992718757218e-01,3.124702034323667554e-01,4.852171900544623440e-01,4.103097390217195217e-01,4.770476062725454436e-01,4.766010504764253697e-01,4.490738585285269369e-01,4.703616359270005320e-01,4.752225244109545277e-01,4.738843355289675263e-01,4.792125040403736325e-01,4.689373103935414178e-01,4.448198981511659600e-01,4.513561379894662773e-01,3.507474351347417696e-01,4.720847149418053723e-01,4.386032011673604014e-01,4.612823377286524029e-01,4.758961043689454162e-01,4.543196795478564032e-01,4.847037741196535410e-01,4.578443201925904704e-01,4.736076980820840276e-01,4.027731748616183993e-01,3.849201088948985272e-01,3.705978231653109245e-01
3.368881354441980447e-01,4.415531147099646669e-01,3.374302001789584171e-01,4.981624981914271610e-01,4.809120006688977211e-01,3.183441314630618413e-01,4.940820590452881800e-01,4.996117352002309997e-01,2.478455942680512780e-01,4.990251267963498605e-01,4.547018045398932840e-01,4.941412787632794568e-01,4.682453923156207343e-01,4.969977654853982574e-01,2.798171449173609826e-01,4.906355806758105342e-01,4.991608681419835158e-01,4.980377208955040769e-01,4.528221559650652539e-01,4.900392461801776900e-01,4.585892352003803074e-01,4.760376385402085853e-01,2.003282631937571279e-01,4.996432348956607039e-01,4.977645172976019605e-01,3.308013840815389739e-01,4.698692579983455020e-01,4.866267579928222342e-01,4.945001781394445239e-01,2.021450682385768083e-01,3.226670530306914308e-01,1.839084888194411904e-01,4.935399104401723136e-01,4.911645499738324649e-01,4.992351069363400451e-01,3.379699196765758029e-01,4.877028342989402909e-01,4.971390884678266175e-01,3.745218949632399541e-01,4.840700788016756295e-01,4.983356228578758040e-01,4.828109851596052438e-01,1.908991255687274569e-01,1.987874042452295875e-01,4.620241051449224812e-01,4.918950096713941011e-01,4.636650766923388067e-01,4.911576313400955462e-01,3.978148034121336551e-01,3.679289680568270104e-01
4.615730318660115628e-01,4.905301970559262092e-01,4.999001877623376888e-01,4.993322939207816558e-01,4.996279678619058862e-01,4.974594248043088807e-01,4.990740595442819116e-01,4.999674548444033584e-01,4.988644486031412195e-01,4.999376045338055907e-01,4.993341522114177478e-01,4.992342470924071018e-01,4.987166473310706283e-01,4.972036013039501934e-01,4.435559056002830181e-01,4.994996997770790870e-01,4.963589812516798205e-01,4.999664441765879763e-01,4.875494909809565125e-01,4.993192305755772553e-01,4.922469895092460024e-01,4.981213319108178661e-01,3.781208127222176474e-01,4.999326896000387821e-01,4.982280811637531115e-01,4.990583237345213030e-01,4.816232046968389469e-01,4.967817421595931981e-01,4.965279451862683602e-01,4.926736826407576153e-01,3.976362119193018740e-01,4.935272258728942707e-01,3.832896383824011544e-01,4.996736087480894151e-01,4.997551420231979291e-01,4.989882551613928907e-01,3.789351083534256426e-01,4.947282219786148794e-01,4.542049805256520578e-01,4.925143234494109290e-01,4.920709686342728539e-01,4.923291794144452616e-01,4.993995790787428279e-01,4.986357032962020486e-01,4.998522171310569306e-01,4.994362120334499555e-01,4.995129459970903962e-01,4.996563915990501759e-01,4.600635660881557953e-01,4.566053090148985971e-01
4.978578152229131693e-01,4.996025226517045725e-01,4.999350928325989041e-01,4.999489754297044009e-01,4.999051743041320606e-01,4.976826763638896867e-01,4.999182241797963666e-01,4.999666382511073204e-01,4.998771357758596268e-01,4.993170002993970180e-01,4.973622058804090251e-01,4.998286057886796585e-01,4.996306372219985747e-01,4.992189212747016325e-01,4.968126733897331726e-01,4.998773255350127398e-01,4.999715016737248385e-01,4.999874788314002116e-01,4.856185882006555099e-01,4.998447131337664939e-01,4.996954883158782890e-01,4.999866992848058800e-01,4.998789922781953776e-01,4.999915852948587647e-01,4.998672875756873246e-01,4.999089461754360197e-01,4.993077058439172600e-01,4.998837291531528781e-01,4.978031172487922817e-01,4.998983961218044780e-01,4.992485774894478423e-01,4.860024905474329415e-01,4.999775287193718998e-01,4.999800575132657965e-01,4.998459686740706620e-01,4.999951383528375981e-01,4.998270664280753950e-01,4.999886526239410434e-01,4.964966552351827711e-01,4.999631455144500358e-01,4.996860054864451506e-01,4.975362998895358491e-01,4.998573220920550786e-01,4.989247191983572915e-01,4.999808105176861139e-01,4.999642091802739552e-01,4.996886567228391862e-01,4.991584023815134330e-01,4.977999961046519761e-01,4.861883236680635823e-01
4.884671032485269349e-01,4.953009365662126573e-01,4.950123922792692421e-01,4.800822552624892103e-01,4.544952556454986414e-01,4.836695516133202588e-01,4.983456221320462509e-01,4.999382315441710523e-01,4.992723507287177842e-01,4.999026770669999231e-01,4.925967325654758699e-01,4.957792235256254787e-01,4.834566375579589792e-01,4.959614657035916196e-01,4.430222252177976605e-01,4.963312881096855200e-01,4.998319377137259711e-01,4.965904603112425431e-01,4.833623297874954927e-01,4.840709583698041274e-01,4.660115320273022221e-01,4.943928083661929263e-01,4.998555907586343938e-01,4.973224219075454977e-01,4.791144034548430741e-01,4.998630631133896829e-01,4.992264389091508603e-01,4.858870230915844357e-01,4.780312706848592330e-01,4.999517533683187076e-01,4.701899979135608643e-01,4.784781004560680340e-01,4.852334922562190345e-01,4.932475184482734698e-01,4.988742970048978820e-01,4.999540911637376239e-01,4.844796640930442710e-01,4.999525110078677503e-01,4.687489642224787478e-01,4.817279293025018561e-01,4.803730699783373970e-01,4.995138176466789592e-01,4.999292458549136065e-01,4.765970720978201514e-01,4.997034879871237734e-01,4.836251262425309561e-01,4.843440040526696966e-01,4.822804710276326068e-01,4.772561465626322108e-01,4.437131796506743053e-01
4.837543808028652581e-01,4.922735601621027746e-01,4.972377268146019325e-01,4.914690393012575154e-01,4.870828336617597509e-01,4.701667269890689171e-01,1.762546851305233642e-01,4.998233008757697049e-01,4.567266683715951459e-01,4.997817255101419942e-01,2.672706107594782221e-01,1.751515637966418182e-01,4.870892117965736623e-01,9.715667444703326994e-02,4.799226279639580706e-01,4.968061731956042171e-01,4.854531886460040080e-01,4.961497731839876746e-01,2.608368671079443479e-01,1.297840785321583909e-02,1.780825169337260649e-02,4.990541648846916756e-01,4.864865889907497021e-01,4.721108377010823642e-01,4.800224100705689501e-01,4.983871595945882915e-01,4.928599685146763942e-01,3.596627029567086575e-01,4.936864144212851357e-01,4.988821166248344485e-01,4.980361737381667209e-01,4.585568847492663691e-01,4.675078737399906981e-01,4.956058199659577612e-01,4.887154599388111587e-01,4.991643185631193247e-01,4.850008587988565156e-01,4.882849247872066978e-01,1.700152833832989652e-01,3.526396186567673507e-02,4.904607996619504973e-01,4.969560417600104585e-01,4.860245889637516137e-01,4.829965201512282369e-01,4.965663293998752170e-01,1.772376347603085156e-01,4.961540252125044570e-01,3.629246061133177825e-01,4.880409759329790709e-01,4.578654423012199493e-01
4.524493905908728575e-01,4.633699813924110344e-01,-4.792728746064539580e-01,4.802828596523224247e-01,4.841931707002141150e-01,4.867144623376214452e-01,4.822414949252606386e-01,4.862321303625929403e-01,4.888070765198309631e-01,4.856158698997917744e-01,3.989005319865179255e-01,4.792473084830449759e-01,4.729282017496095336e-01,3.869858263362955242e-01,4.038978199283492776e-01,4.901938059473880394e-01,4.913162791792422546e-01,4.885846659839773176e-01,3.830302447153118295e-01,4.624805244899210521e-01,2.955691609932813990e-01,4.735173696372259045e-01,4.497377292496489987e-01,4.704545012952910388e-01,4.694893352339987169e-01,4.783113387531241489e-01,4.902436446092228173e-01,3.772268171897698030e-01,4.535286454350027086e-01,4.899711992073678690e-01,4.882416612269800948e-01,4.609700296691241483e-01,4.915377929546678182e-01,4.914313629223319713e-01,4.901584085626672360e-01,4.633362334288704254e-01,4.812963939565021443e-01,4.891645333623845793e-01,4.217050370827741257e-01,4.549258967258905106e-01,4.302743180880037044e-01,4.857011264147109153e-01,4.889077530716831044e-01,4.689654429957383353e-01,4.930104702949493212e-01,4.760650131032742038e-01,4.846706676688314896e-01,3.635811469386245887e-01,4.353490646703146449e-01,4.328008283217041341e-01
4.465994721179631921e-01,4.405331561389705386e-01,2.742241326798235956e-01,4.918915455992314278e-01,4.723253892915281749e-01,2.893821508195148495e-01,4.837521083231043351e-01,4.985961772181141116e-01,3.007577863222523074e-01,4.833456701911602593e-01,4.416438802379072937e-01,4.828991839560034527e-01,4.690767453877777160e-01,4.560581630981588863e-01,2.956681457985343431e-01,4.891646572943386673e-01,4.840909854780940380e-01,4.973170112382155339e-01,4.173879684770617771e-01,4.837866672070302854e-01,4.734423315050698133e-01,4.850986607890826474e-01,4.818225526262832070e-01,4.825753124607572442e-01,4.682822471957394095e-01,4.718996586688391504e-01,4.895252600041505309e-01,4.927564089992957919e-01,4.855351090007848369e-01,4.858171563649390512e-01,4.644752268515905946e-01,4.379831792029277859e-01,4.940434784092551657e-01,4.838503934653280436e-01,4.944382125814509310e-01,4.760657221863937583e-01,4.859972095756101007e-01,4.914206559883869119e-01,4.561937210198143688e-01,4.834479917144736127e-01,4.742911560165949392e-01,4.698237947129135783e-01,4.792593600658718866e-01,4.755417874372813714e-01,4.684565696057438333e-01,4.846502952301183775e-01,4.755152392966578989e-01,4.805958709344110291e-01,4.801962377106003266e-01,4.272635777832528570e-01
4.977727014990827592e-01,4.949104217337981781e-01,4.767862729503820618e-01,4.986416733225997877e-01,4.963565150825837713e-01,4.920414275058660469e-01,4.963222045393574922e-01,4.994486951457560719e-01,4.975532680536516317e-01,4.991619749431539521e-01,4.961512395803179265e-01,4.944707674218727367e-01,4.977421117696183561e-01,4.911020594782799509e-01,4.515466988217761712e-01,4.981172184627974397e-01,4.984557656964967443e-01,4.987465681600671275e-01,4.762725619069896887e-01,4.912049752937281966e-01,4.439934806020145452e-01,4.984662960735081194e-01,4.540542732378893831e-01,4.919475952863003321e-01,4.950570145345163375e-01,4.939222251997846813e-01,4.591036123872898056e-01,4.720292498473974696e-01,4.918363728892534703e-01,4.588798813929430009e-01,4.661162584762103545e-01,4.377654292859320395e-01,4.933980870579857125e-01,4.989774919352252258e-01,4.991156954222010778e-01,4.951048852810359668e-01,4.914091761101561651e-01,4.948104825718382949e-01,4.932162802147345704e-01,4.927446864586914610e-01,4.956179870681249877e-01,4.945937239719125356e-01,4.526184789761852345e-01,4.475194086650274850e-01,4.982718591285298371e-01,4.936898774476961571e-01,4.974261449702398474e-01,4.717098372015106622e-01,4.960751501602090330e-01,4.938175548190785746e-01
2.584778598373979053e-01,4.969886286508723994e-01,4.904959181072719443e-01,4.963309313566794390e-01,4.912976504205694428e-01,4.934905990235106676e-01,4.843260081312237841e-01,4.976586718888341143e-01,4.936448299564585307e-01,4.995094221499079001e-01,4.844965579321137694e-01,4.854692501250412739e-01,4.982102876949267567e-01,4.655171518900434457e-01,2.515203314235048837e-01,4.973822312100689702e-01,4.991295141737215335e-01,4.991042489112428870e-01,4.625239313837782307e-01,4.785518024563686357e-01,4.524799842235666669e-01,4.987870347779367330e-01,4.915259107580980391e-01,4.953935187386011574e-01,4.967476802977697226e-01,4.877292841568381387e-01,4.976380719388663887e-01,4.959566933413613876e-01,4.741631227795407577e-01,4.956542093794420456e-01,4.892673940449318581e-01,4.795290304545941629e-01,4.969319675776033285e-01,4.989686522893524989e-01,4.957895161518681704e-01,4.955187464078454340e-01,4.955901967430884070e-01,4.941477955383810627e-01,2.498318505731717265e-01,4.891519858152797995e-01,4.970024061146527949e-01,4.919493541828476313e-01,4.942928752111017676e-01,4.764517861592875159e-01,4.979600503018767332e-01,4.799330295813508118e-01,4.962032906486877337e-01,4.744184348093506975e-01,2.592512948479368529e-01,2.541929377472111895e-01
4.563543100992099033e-01,4.952152408221752733e-01,4.950224766938743914e-01,4.884379537720278663e-01,4.893676219474809019e-01,4.899941252621686227e-01,4.992045754268665814e-01,4.993315485328781445e-01,4.873292631364026239e-01,4.992691671528163844e-01,4.949541499073081829e-01,4.967699603722718349e-01,4.967793039847526737e-01,4.921222257096604658e-01,4.427084941288308984e-01,4.993308239242073565e-01,4.985683171390936086e-01,4.995545973288155195e-01,4.728117177803569660e-01,4.908386189301556790e-01,4.744198152728163476e-01,4.962408890690961916e-01,4.912687823635238926e-01,4.963452816962491410e-01,4.925273605790055909e-01,4.855070102774075025e-01,4.959810906567009292e-01,4.986853371011483183e-01,4.922398773414273232e-01,4.941975494850575079e-01,4.789179010707510509e-01,4.205107147623325936e-01,4.929244243812438420e-01,4.986658310270536965e-01,4.971869137260852001e-01,4.916399796043479098e-01,4.936239273572912145e-01,4.933397874951278017e-01,4.460028508871436981e-01,4.909373738779547192e-01,4.942880709943320849e-01,4.915667683757139472e-01,4.951866843297473841e-01,4.837290505921256201e-01,4.972294201403487102e-01,4.924637440487695250e-01,4.955268680196972531e-01,4.895542577845547472e-01,4.538776021349793521e-01,4.057396349753319420e-01
3.994707315463651431e-01,4.924347478242114828e-01,4.752585357539546029e-01,4.951296490501685410e-01,4.922944327034499690e-01,4.892107734496715099e-01,-2.003407493416342333e-01,4.990369942582823515e-01,4.043640456159258156e-01,4.965298706484843061e-01,-3.619851756617412097e-01,-1.865234317027741895e-01,4.944014911234012044e-01,1.478806183530737839e-01,3.933336530787380769e-01,4.962904242346858341e-01,4.887755676635452962e-01,4.943297327661705376e-01,-3.445116201548751311e-01,-9.351703689255906962e-03,2.170509779703402170e-02,4.987778983858165982e-01,4.873831887310367539e-01,4.862445358833725750e-01,4.879974297685935603e-01,4.860979831174472299e-01,4.948427077696682108e-01,4.470510024569087082e-01,4.929535605234594553e-01,4.954840781265952843e-01,4.853354671469213288e-01,3.819108997501440284e-01,4.473799124232237245e-01,4.983228010079747694e-01,4.932307407332583993e-01,4.910336031734895967e-01,4.920661768679106540e-01,4.913631164596456435e-01,-1.579591530159262236e-01,2.400954213647027782e-02,4.878455604881356544e-01,4.721891610193995614e-01,4.917402522975966583e-01,4.804729362668383463e-01,4.725125315635904100e-01,-2.012338585243318156e-01,4.985564089952168598e-01,4.499072157723433829e-01,4.040985948622257684e-01,3.470541985816781305e-01
3.701031380489676614e-01,4.666387030220872645e-01,1.754547937371896404e-01,4.931411772312461750e-01,4.853417334998610388e-01,4.906030203281662727e-01,4.935981854733066942e-01,4.903810379864160240e-01,4.908655445109188498e-01,4.847202934274454922e-01,4.946887982109830495e-01,4.914231477719956387e-01,4.815474967984232912e-01,4.893695203812636896e-01,3.456551569569727977e-01,4.889537336565729642e-01,4.938613027856095239e-01,4.910471374917024789e-01,4.715003028357642734e-01,4.936736195579362607e-01,1.839015552768045736e-01,4.771600681649207920e-01,4.568385946069231651e-01,4.811875067897877223e-01,4.903335869421020510e-01,4.710264079348885358e-01,4.966980527005637192e-01,2.914743391998312894e-01,4.620839969243886181e-01,4.873485377247637196e-01,4.823957799477802122e-01,4.846710996435618646e-01,4.948542373026292296e-01,4.861806154675817893e-01,4.896792633473620593e-01,4.699012736363015752e-01,4.834063683783274001e-01,4.896442291309267558e-01,3.652713433575938140e-01,4.752076884544230717e-01,4.306103144273348282e-01,4.918082246489071663e-01,4.836091334537392372e-01,4.761120599642427176e-01,4.877376757884349101e-01,4.906172747101998910e-01,4.837681970775078444e-01,2.891759085354517755e-01,3.601698322789106954e-01,3.670105739449802673e-01
3.975723942094118168e-01,4.843381853114295255e-01,3.038833610291593046e-01,4.926397286569827449e-01,4.545507395928319871e-01,2.937086829161108525e-01,4.768078461068231411e-01,4.990222557929446245e-01,3.078157079027163401e-01,4.736942402910039873e-01,4.961622394758775090e-01,4.849642456697714210e-01,4.806315750200334525e-01,4.960306849993611489e-01,2.483949493903500616e-01,4.974132457831240695e-01,4.852436177125936112e-01,4.984861942646767186e-01,4.565445918062654429e-01,4.925925932782570515e-01,4.005240774400049553e-01,4.955392148736640356e-01,4.752291202229295131e-01,4.772814543732032955e-01,4.810483241533169974e-01,4.829468993942315769e-01,4.976261947000436558e-01,4.595070939328121384e-01,4.882403537776804359e-01,4.803685699505856888e-01,4.821729605204552738e-01,4.937458142441713549e-01,4.930821158355418454e-01,4.866116109353652575e-01,4.972261037905312264e-01,4.936152851620691506e-01,4.738821492061862095e-01,4.916260753027484887e-01,3.987256834438692166e-01,4.964145127218582698e-01,4.898364981463448342e-01,4.566470224069386630e-01,4.922302682014220720e-01,4.817075137661497308e-01,4.587064282877292287e-01,4.820444969990963502e-01,4.957176348574056091e-01,4.525515900877140618e-01,4.031326191375654844e-01,3.583515201684528972e-01
3.132803381159705580e-01,4.968191039587638302e-01,4.996514780160344338e-01,4.997388653892351762e-01,4.966464579666273194e-01,4.951113089859119354e-01,4.992480647795166648e-01,4.986790554056912406e-01,4.981885016367926244e-01,4.997169383940401888e-01,4.992941470439301588e-01,4.949038893643117887e-01,4.987547502274838895e-01,4.989815420929870071e-01,2.841460704409194404e-01,4.994429201414981589e-01,4.996294583614704354e-01,4.998757620328277973e-01,4.731512684058467588e-01,4.965913644782420366e-01,4.424276471520771081e-01,4.985493177577164370e-01,4.782670719375015644e-01,4.954794897220439198e-01,4.969224128211212621e-01,4.979235523421934317e-01,4.546560792054699096e-01,4.699388421863567311e-01,4.897450124219737133e-01,4.771108284070864070e-01,4.898154836875366902e-01,4.734270616296586409e-01,4.986538414655443674e-01,4.997328631886167050e-01,4.986100896228488066e-01,4.902164337081206247e-01,4.983670369245437604e-01,4.993360721676789460e-01,3.119837544786734362e-01,4.992869937625599719e-01,4.977247476103384138e-01,4.985304517683257775e-01,4.779360941227571158e-01,4.733296320257729395e-01,4.995072081013718357e-01,4.994157800651577439e-01,4.970007971281398262e-01,4.704734083123031652e-01,3.125151175784890434e-01,3.108356314859309633e-01
3.866862125789329863e-01,4.967451723784779283e-01,4.999619609192426095e-01,4.996298409667421225e-01,4.998364872813002568e-01,4.969932756698910437e-01,4.979756267568076211e-01,4.997041010353417967e-01,4.998228772445332813e-01,4.998223995178284751e-01,4.987105483143767226e-01,4.996431180971396824e-01,4.995829352577934035e-01,4.987553544067155342e-01,3.875038449375223237e-01,4.981101517322174543e-01,4.999368200445702959e-01,4.998538867618932402e-01,4.722874324303747984e-01,4.993827422135332372e-01,4.997298924605006465e-01,4.997867816055903134e-01,4.989073062458347363e-01,4.999773826592918136e-01,4.997012986816409263e-01,4.987755089773067141e-01,4.998472559435996332e-01,4.999211044245104874e-01,4.918165592430975841e-01,4.993559212147785087e-01,4.159537609733098273e-01,4.934486870200492370e-01,4.994408647448873029e-01,4.996620619095170079e-01,4.982638747978169746e-01,4.998928758501212655e-01,4.992426375180768483e-01,4.999770098937180163e-01,3.237405179218356688e-01,4.998476045289872438e-01,4.969904563691821542e-01,4.993997900633636022e-01,4.982351752712147475e-01,4.944482497340079163e-01,4.999694535508322213e-01,4.998199341015974184e-01,4.964844657018099849e-01,4.965007760103961054e-01,3.878394965857853705e-01,3.874068372297956309e-01
4.997309667313156734e-01,4.992031943482376777e-01,4.999284242732247030e-01,4.998324658769949247e-01,4.999667133329781521e-01,4.964867812725282104e-01,4.996177497643132237e-01,4.999922173373467782e-01,4.999363008042364553e-01,4.999505149410170546e-01,4.943551638422054029e-01,4.993326855345252557e-01,4.994204408924693972e-01,4.973818279065200798e-01,4.959314588581206773e-01,4.991978530506543388e-01,4.999225710656973742e-01,4.997276901589807196e-01,4.710106287443590056e-01,4.989540816918662247e-01,4.990177434251351074e-01,4.999166581272947996e-01,4.997147346910527643e-01,4.995512456990853223e-01,4.989053759077869965e-01,4.998285271703972188e-01,4.999207145186054801e-01,4.997733041862930659e-01,4.938907706846714096e-01,4.998244453493256301e-01,4.952225084716101455e-01,4.751164296650284280e-01,4.995773355453550502e-01,4.992381164314345643e-01,4.998972780309063335e-01,4.999524434401870776e-01,4.990485698003595538e-01,4.999819483753222271e-01,4.986766895618698348e-01,4.989281111236905097e-01,4.991031324611585052e-01,4.996499218299735867e-01,4.997099232584467088e-01,4.947328618398921796e-01,4.999452917406884689e-01,4.996435233581412172e-01,4.988373777421766797e-01,4.957258048871132639e-01,4.963215378175085957e-01,4.934985074587753262e-01
4.819365128543005028e-01,4.845297463797902382e-01,4.992643372842431315e-01,4.972133385325235855e-01,3.882517420875018499e-01,4.947292919699415870e-01,4.613760441519557665e-01,4.978409863582904937e-01,4.134245242560908862e-01,4.896663838232973576e-01,-1.810651863311993626e-01,4.025467134370053768e-01,4.990863213547216404e-01,-1.703031079257977254e-01,3.749641933050444353e-01,4.986727340553508414e-01,4.805453790095983724e-01,4.972598306270727964e-01,-1.726858926391935944e-01,2.751352138405712688e-01,2.432031366304703013e-01,4.997551160830807082e-01,4.924272043722078274e-01,4.981259894267495159e-01,4.975525836232067012e-01,4.976395239264920223e-01,4.979414029404631847e-01,4.489205753566329338e-01,4.797480522087598231e-01,4.973777131567990173e-01,4.837841965320421878e-01,4.052186997945562141e-01,4.783782425694527718e-01,4.993323584259020120e-01,4.820450152372572905e-01,4.998799744929398603e-01,4.989886074208545463e-01,4.997530941990377951e-01,4.437760071227516701e-01,2.870266666619271101e-01,4.984962051156405782e-01,4.854659290705691244e-01,4.966352411762134933e-01,4.868683992334543742e-01,4.844278143988984264e-01,4.631240993261002692e-01,4.976462034038194315e-01,4.506376545801266675e-01,4.715522250353984535e-01,4.397323263006893135e-01
4.695416056328352572e-01,4.658198589859171013e-01,4.650900057445615521e-01,4.689039094429481858e-01,4.811990310311294872e-01,4.915516548454698098e-01,4.389176213082324196e-01,4.881911299814313265e-01,4.773783721844728767e-01,4.947649065314684291e-01,4.611744866200082615e-01,4.279497300185036157e-01,4.868328719142291927e-01,4.042104182301804460e-01,3.588487014099042138e-01,4.916841935387928908e-01,4.856576821647421993e-01,4.971007652404054733e-01,4.223887728797010022e-01,4.271302828378660821e-01,9.161396740851598941e-02,4.941551077496939559e-01,3.700798652809642042e-01,3.659584188676844874e-01,4.772735555689630038e-01,4.893824473076398007e-01,4.817383551696587385e-01,2.296283531782285225e-01,4.752541129325742464e-01,4.915634427067447354e-01,4.911529129845641495e-01,3.961758605359531615e-01,4.970778770252521905e-01,4.848564327769413485e-01,4.939798797897437255e-01,4.899151034606173960e-01,4.888179786753040212e-01,4.852135732412843350e-01,4.177809839872407838e-01,3.690262903753946389e-01,4.692501913152404280e-01,4.961804326711570789e-01,4.789132540215062517e-01,4.766901177333118245e-01,4.855836567564956185e-01,4.385316143249286536e-01,4.860464761874301876e-01,2.222342980075655006e-01,4.821236348571703578e-01,4.279742429229906331e-01
4.783635911427185916e-01,4.831942295455254888e-01,3.278741317195463245e-01,4.905030928908613586e-01,3.512409540766719962e-01,3.468308785020795537e-01,4.824261464931411947e-01,4.945575848252421469e-01,3.429408710949004013e-01,4.884995314252329468e-01,4.793174592933623912e-01,4.843201250510425493e-01,4.878032507356671599e-01,4.571691213205815174e-01,3.331108448654362397e-01,4.888530353697512210e-01,4.864260831957535336e-01,4.917898440519275494e-01,4.593205328079148497e-01,4.712755691494554533e-01,1.652462979295002965e-01,4.876318964384804833e-01,3.803293443323962353e-01,4.886440596211146792e-01,4.616907999316654521e-01,4.426993262733229795e-01,4.903026212340603207e-01,3.178311444858096246e-01,4.828419352139737830e-01,3.785509641903759270e-01,4.646594239699595175e-01,3.887534410507013094e-01,4.791993953097191117e-01,4.875984672694035904e-01,4.879170222578517735e-01,4.686481417669809968e-01,3.626830169044191754e-01,4.602123377416837968e-01,4.474116718044481855e-01,4.741144521521858390e-01,4.530963770453650952e-01,3.296746844729390724e-01,4.854688436132580942e-01,4.572164122546618636e-01,2.959025245014115235e-01,4.529925978370953898e-01,4.821806304649597363e-01,3.051081916830414298e-01,4.932924304220396849e-01,2.856705579303726039e-01
4.857165219386558874e-01,4.907276650052611600e-01,4.709553288105088886e-01,4.970222034203511385e-01,4.920792754548331538e-01,4.781358360870073820e-01,4.954883261200389022e-01,4.994840601142573888e-01,4.690270995223784212e-01,4.990801597769820019e-01,4.719506752939947036e-01,4.900939489041629127e-01,4.953313352356931154e-01,4.610843753494076602e-01,4.396607206705303028e-01,4.988140904151007193e-01,4.990709356522868290e-01,4.987413917128137308e-01,4.456643769845241021e-01,4.916143207810433347e-01,2.971372668490170899e-01,4.981354012550887611e-01,4.972081579457718892e-01,4.991253529760883434e-01,4.967213180892660063e-01,4.615959368923200357e-01,4.644466215511097174e-01,3.862639827234319867e-01,4.889705288301204322e-01,4.975322289519351071e-01,4.696112634224601790e-01,4.616254173583850817e-01,4.988749341722497066e-01,4.990697214887863664e-01,4.989578062222937982e-01,4.694259008368083519e-01,4.969489352068597876e-01,4.888035035959177876e-01,4.823245984581024381e-01,4.954991720830709268e-01,4.961411362088365418e-01,4.861111960772454554e-01,4.832701086110330890e-01,4.851228650797495545e-01,4.955508555328012044e-01,4.868086764056716031e-01,4.963557338717228262e-01,3.885859887164925253e-01,4.845892281946128644e-01,4.587263834544887398e-01
-3.522642938936648704e-02,4.947372951667578511e-01,4.917259617737758659e-01,4.929583916873990224e-01,4.963461473643198119e-01,4.934222572466112067e-01,4.822938498596411327e-01,4.991575179081980118e-01,4.856370821671778248e-01,4.987821111315744460e-01,4.981764452850159786e-01,4.806772784135519005e-01,4.987163978136281428e-01,4.750555978215321162e-01,-3.479310606098109243e-02,4.984149983970325160e-01,4.988834477082050300e-01,4.992972283524657606e-01,4.705242697233154581e-01,4.817949373808244617e-01,3.144013510045742810e-01,4.964828737612388965e-01,4.383959791231431535e-01,4.956636500179490423e-01,4.948519219918762202e-01,4.817295712308983235e-01,4.965207000769806811e-01,3.937718800159807908e-01,4.931813511259386384e-01,4.547852530210337862e-01,4.344448076061611652e-01,4.455983649656589662e-01,4.825778487095216951e-01,4.966281056973967933e-01,4.992524283533320562e-01,4.886727873415036005e-01,4.806377142415252379e-01,4.944330661317736797e-01,-2.734369391067229677e-02,4.950050960442666237e-01,4.972656848959759457e-01,4.889454275788542859e-01,4.642323065440338570e-01,3.672518118406892240e-01,4.974624761151388852e-01,4.781705952289239114e-01,4.983709238982865219e-01,3.934224260753341196e-01,-3.526254982664820542e-02,-2.630184530852393981e-02
4.701262476225530618e-01,4.959274435656534363e-01,4.982296840145743477e-01,4.944127044388528791e-01,4.927535766280137230e-01,4.925711642167204807e-01,4.832701947076918358e-01,4.992845347522048005e-01,4.946902373886356008e-01,4.993100585198033681e-01,4.704176803002776408e-01,4.835426717614963454e-01,4.972021129757135394e-01,4.583057385701390651e-01,4.605602712289009193e-01,4.985507812090932966e-01,4.983916857030821213e-01,4.995241750658398483e-01,4.471250153941709882e-01,4.819160956617372094e-01,4.830384154163038235e-01,4.986274130035791008e-01,4.927258726701426728e-01,4.945386456559481836e-01,4.920952140791520768e-01,4.943115407402008943e-01,4.960886441481002773e-01,4.968223986689445648e-01,4.921187946081286846e-01,4.972847110073100874e-01,4.894996528088173537e-01,4.756630303137778237e-01,4.943177548421465728e-01,4.992208057455119197e-01,4.984238633274838959e-01,4.958576881033759376e-01,4.940821710841030723e-01,4.972418513979017241e-01,4.465155505366815158e-01,4.947960050782711505e-01,4.945739169932188428e-01,4.919739482631713678e-01,4.976849150364053842e-01,4.794744484292475240e-01,4.975356609809850061e-01,4.816844582107320805e-01,4.964511257648968612e-01,4.862150381502519658e-01,4.679884368915858683e-01,4.590601743086958342e-01
3.749217315562676789e-01,4.771039665253694606e-01,4.788537975868692453e-01,4.962396705406741382e-01,3.528453010040848992e-01,4.925049067138901338e-01,4.953368692479347968e-01,4.969083601761004609e-01,4.731682301932310653e-01,4.911369009994140944e-01,4.448738674605780541e-01,4.734877984591227551e-01,4.973249399675133686e-01,4.475199486929241632e-01,2.664351896573179945e-01,4.988682755961250104e-01,4.747390762215646376e-01,4.987997564528974803e-01,4.256906378577837158e-01,4.910134635921376001e-01,3.628701765965437476e-01,4.989576894617172020e-01,4.907439702771012047e-01,4.957278821087621745e-01,4.918764559124446101e-01,4.961068663173638926e-01,4.947415164244819419e-01,4.239144946034864025e-01,4.758260194017663869e-01,4.942272328049333030e-01,4.778450253750605170e-01,4.481883741874052585e-01,4.975293532268443286e-01,4.987956159877817708e-01,4.776443412963441437e-01,4.991890677978352842e-01,4.963683480255697833e-01,4.973353731723575977e-01,3.716389423446770368e-01,4.715382603454463251e-01,4.941493650708843055e-01,4.817250392229919242e-01,4.916837823109374006e-01,4.819848097891976102e-01,4.826873042147493686e-01,4.949143554109146081e-01,4.977721701056532222e-01,4.247527796039566317e-01,3.679294968651152242e-01,3.405002490269470328e-01
3.411202043692497243e-01,4.799772748336468275e-01,3.799082395477990093e-01,4.838315825518114677e-01,4.715129442113458746e-01,4.865024708328536396e-01,4.773311961501816580e-01,4.906344122929721108e-01,4.671733755180016989e-01,4.962616836970063505e-01,4.819135150321934846e-01,4.507148348009022976e-01,4.873171664071598297e-01,4.514659816996926534e-01,1.660928031193463494e-01,4.842043276477525637e-01,4.883666921080971335e-01,4.874691780251948492e-01,4.511309605901799302e-01,4.622449005917358411e-01,3.809437722204186971e-01,4.915905231834093447e-01,2.328805219936772863e-01,2.425078672939277036e-01,4.940461154166134738e-01,4.611448969345862681e-01,4.843165889458834195e-01,4.256420405088658376e-01,4.693131091897933538e-01,4.656608192578784999e-01,4.896147261112592242e-01,3.768934253513311905e-01,4.876969270278975754e-01,4.906887419870007983e-01,4.976600138871016266e-01,4.845299121366732908e-01,4.617944949827696433e-01,4.781290475400994944e-01,3.342715261457727127e-01,2.401361804697279001e-01,4.787525581400204344e-01,4.644935298816420532e-01,4.743679814036449449e-01,4.730004215963533598e-01,4.893328279100701006e-01,4.639469025870269214e-01,4.930128995956179483e-01,4.434582434803456263e-01,3.488044844860343496e-01,2.767315154156466117e-01
4.392561574135208646e-01,4.801073201408209701e-01,3.677208878422186800e-01,4.777937608305191097e-01,4.187945985359062817e-01,3.705153301436667768e-01,4.862344797409849928e-01,4.904291061124635420e-01,3.264903454137496053e-01,4.829515041011032128e-01,4.659151696857527503e-01,4.913626017770891807e-01,4.798064458026535251e-01,4.559569444278354089e-01,3.368284200192088740e-01,4.801371889319541175e-01,4.771960744712429592e-01,4.736038350564747978e-01,4.572575752709041597e-01,4.904885875230746151e-01,2.038267955466137316e-01,4.822096238135141211e-01,4.261508206960713530e-01,4.862277398799326744e-01,4.736900501531165486e-01,3.866044233231420435e-01,4.726538628627125482e-01,3.286938685174473074e-01,4.690267348395772418e-01,4.227671273726281154e-01,4.095484292000524662e-01,3.128254401785269256e-01,4.764544925264839192e-01,4.855334612323636834e-01,4.738723810539112180e-01,4.091647625808283451e-01,3.992427800927376147e-01,4.595423142382508153e-01,4.317645570033225022e-01,4.696864238842372030e-01,4.625017761831515806e-01,3.945879886804827819e-01,4.778799714707359092e-01,4.633795477945519270e-01,3.729017315189681048e-01,4.340855623071746550e-01,4.695683296769844195e-01,3.286438262195841009e-01,4.538341696130563929e-01,2.625037724275453566e-01
1.271896773534633707e-01,4.932437592309708019e-01,4.989560412234033682e-01,4.984031044129848542e-01,4.979404438490531160e-01,4.447338706753666271e-01,4.975131871830712482e-01,4.983968451323820270e-01,4.911101916426768854e-01,4.989916354043025803e-01,4.954791327541263057e-01,4.965973402805533010e-01,4.963774407156254509e-01,4.964697030751010209e-01,1.218934241831663018e-01,4.986389769339316103e-01,4.995840586307218611e-01,4.995708468573641370e-01,4.725038955225563941e-01,4.982079753311013381e-01,1.116127930605096963e-01,4.932302832063641396e-01,4.952729039459999871e-01,4.993650519794963216e-01,4.978023333538351691e-01,4.897729179932692745e-01,4.710754358281870058e-01,2.516890268624905058e-01,4.897996413229787627e-01,4.941939009668088190e-01,4.046588116116365819e-01,4.812958875765210864e-01,4.994029247129284088e-01,4.991583371646137746e-01,4.995874795098305121e-01,4.884720582862642768e-01,4.983605123027256001e-01,4.981411617062320718e-01,1.067293173047860061e-01,4.985613850842285366e-01,4.914487418353989390e-01,4.937113769328712598e-01,4.690509043531977396e-01,4.633033642660941420e-01,4.974083738501149377e-01,4.977516238017931638e-01,4.940086381445452091e-01,2.459352836896453731e-01,1.281112728744566720e-01,1.303256629959101132e-01
4.338498194519892492e-01,4.268932421557906642e-01,4.999549156154601826e-01,4.985487978462628811e-01,4.998659706561808802e-01,4.974272478688037680e-01,4.998287815042311011e-01,4.953696745271651269e-01,4.998568422150204138e-01,4.986842313032054941e-01,4.981616520432149420e-01,4.973131311175987834e-01,4.993518906640930233e-01,4.974691201055636003e-01,4.340113354924645672e-01,4.998448021859528967e-01,4.999301413909630343e-01,4.988536349499908540e-01,4.791065776553737887e-01,4.991506187010052997e-01,4.920145932939875011e-01,4.991771050424118061e-01,4.480297813794383854e-01,4.999138653912854058e-01,4.991864615952723017e-01,4.988463823148895360e-01,4.984712061576981879e-01,4.965878757897196905e-01,4.239664072397652528e-01,4.966862798790899203e-01,4.686314562592067690e-01,4.965873770195856629e-01,4.499465121789480437e-01,4.969972376280019088e-01,4.965007464455948316e-01,4.998720249746583244e-01,4.479699392195952146e-01,4.966686923872300485e-01,4.291189183004340268e-01,4.991639283815480499e-01,4.301388420045939576e-01,4.932740426073038975e-01,4.977675054177928549e-01,4.860149183806902196e-01,4.999628454201034411e-01,4.997707623349825212e-01,4.270111576373344375e-01,4.892953504050346347e-01,4.335559965196535970e-01,4.314198779725856303e-01
4.996106522263225602e-01,4.998369000762204473e-01,4.999854017644346782e-01,4.999468710142200845e-01,4.998843956021773449e-01,4.976776534611603298e-01,4.979909544258855902e-01,4.999935606004869415e-01,4.999756743684978799e-01,4.998240989715916904e-01,4.992564473697759242e-01,4.998761380188188053e-01,4.998466003407901481e-01,4.981204850059795519e-01,4.991879477367954232e-01,4.978693315201955794e-01,4.999115987874181988e-01,4.999832569608237409e-01,4.820439964910112063e-01,4.995815361299256185e-01,4.991371908361672549e-01,4.999090620619875414e-01,4.997184255027828370e-01,4.998997129386695826e-01,4.998585013039485436e-01,4.998575551730317645e-01,4.997418421754913909e-01,4.999787809219531365e-01,4.956022049010292418e-01,4.997708518993738691e-01,4.992963796297978374e-01,4.993268296856969157e-01,4.999497516977773337e-01,4.999634395790822916e-01,4.999884542561887635e-01,4.998745035807415360e-01,4.982849143931243341e-01,4.999862566990480039e-01,4.946855527538467912e-01,4.996050978290059175e-01,4.996426533742268083e-01,4.996241411584786962e-01,4.994818745787893421e-01,4.967324645100095748e-01,4.998175318969382275e-01,4.997960599828680239e-01,4.993273059409888970e-01,4.993972159576194891e-01,4.993016951341940346e-01,4.972312044345343351e-01
4.897336181793938703e-01,4.985462125038860881e-01,4.997501012533325238e-01,4.993322706383834242e-01,4.974096185896450528e-01,4.966398223714192373e-01,4.980385581821570873e-01,4.996288823157556958e-01,4.980055199615200379e-01,4.991325128483722340e-01,4.690347461008772534e-01,4.985778425484720389e-01,4.821258541078822235e-01,4.686456654500559815e-01,4.944160869221101429e-01,4.986019265640826426e-01,4.901433693229254041e-01,4.997524343372619082e-01,4.538615614205945281e-01,4.667716611623092260e-01,4.841559317011728258e-01,4.997063472311127352e-01,4.981834372943284572e-01,4.994487984985773177e-01,4.816054285544320579e-01,4.993376119038785976e-01,4.980283489583096634e-01,4.994597409925307097e-01,4.778216521586454713e-01,4.985532367505994822e-01,4.868303040275921423e-01,4.971709872627255722e-01,4.985198834582271754e-01,4.997221665577419869e-01,4.992542114307075285e-01,4.998980360110540921e-01,4.816095349881056031e-01,4.998632463254095715e-01,4.913192441507852060e-01,4.583807692894610875e-01,4.817532692631057434e-01,4.989294271903592648e-01,4.966511164968533398e-01,4.934250215320878374e-01,4.994760170287365075e-01,4.816214316207407253e-01,4.987975069102313364e-01,4.990749540972915788e-01,4.966229794919046481e-01,4.523507444182257031e-01
4.454080914238143785e-01,3.980755073778915465e-01,4.935367345764183344e-01,4.045327019790694867e-01,4.170257470676727030e-01,4.789532069248227941e-01,4.860558426301554991e-01,4.994843479943841258e-01,4.842171759741378256e-01,4.950771594676557363e-01,4.921786806328711794e-01,4.374909447336135515e-01,4.857769305009058680e-01,4.765325505035375442e-01,3.991529542492313065e-01,4.592689100694832272e-01,4.966272284507677326e-01,4.607551931331156370e-01,3.611215016011695700e-01,4.573303680620126599e-01,3.750267650660599195e-01,4.930480906886429149e-01,4.488508792469193542e-01,3.907612478041675441e-01,4.011537743175601078e-01,4.538721332987216139e-01,3.916509229342968745e-01,3.676215014847544760e-01,4.893826639380901566e-01,4.209144680234587765e-01,4.930726278832060494e-01,4.726243663561298103e-01,4.587466706213217393e-01,4.946456127079543741e-01,4.981961476066381622e-01,4.944355033401286459e-01,3.827392367849314359e-01,4.899123705188128119e-01,4.753530897952309431e-01,4.786299358112055535e-01,4.757055217686927406e-01,4.387261812734208344e-01,4.918104801589071040e-01,3.953785759577760905e-01,4.827709557982902688e-01,4.809220438931264274e-01,4.948626054409660524e-01,4.351592561637552814e-01,4.744303828607371321e-01,4.526277301900805128e-01
4.133861149432531690e-01,4.109348866715494819e-01,3.884299776981054997e-01,4.501929538504340633e-01,4.022734559877088056e-01,4.312101045244124964e-01,4.474506256278800165e-01,4.742244962126760943e-01,4.224718817942044180e-01,4.766185423797320020e-01,4.583535256139298353e-01,4.494906426541129263e-01,4.500297018111686920e-01,3.857375707061843073e-01,3.777023202952336511e-01,4.736052930649610748e-01,4.083440465663465968e-01,4.573530373410616967e-01,4.481166709200318787e-01,4.417069660681683940e-01,-1.579197193884959716e-02,4.701035002131254137e-01,4.688153041150250888e-01,4.702449695664230322e-01,1.938804809622464154e-01,3.971828965884601770e-01,4.718411910714346291e-01,4.325221597136956475e-02,4.668909070474905332e-01,4.714533373508482672e-01,3.893004381947760550e-01,4.032286888139210990e-01,4.015230637410303061e-01,4.654184436817599413e-01,4.043733886653411158e-01,4.507504696798128041e-01,3.995681223910726998e-01,3.699428252137436091e-01,1.737607113068144193e-01,4.576648046417258753e-01,1.883403912590452534e-01,4.107314921522304818e-01,4.475207746292447775e-01,4.324281180817695081e-01,4.804022723356371483e-01,3.761697477689013303e-01,4.782459775299057747e-01,2.208364636186514046e-02,4.690782008310017126e-01,4.690734671974289283e-01
4.276141580257153962e-01,4.949946314924964508e-01,4.698079077849016127e-01,4.984088834045194427e-01,4.940268951231820971e-01,4.032436048993967015e-01,4.836037454275310399e-01,4.973663091387119373e-01,4.755138849282022351e-01,4.954870272256671759e-01,4.952902550257342051e-01,4.910213555969301091e-01,4.946912655614052468e-01,4.859838081656875919e-01,4.200250351295894413e-01,4.969947158331763370e-01,4.986556319743097321e-01,4.973559631157880023e-01,4.846796545311114479e-01,4.797508199323202716e-01,1.747765587183552349e-01,4.871766226825052226e-01,4.935358199732851059e-01,4.978565146470068647e-01,4.979656054975930557e-01,4.689093727442520398e-01,4.893099022904011108e-01,2.818710936142535539e-01,4.947925259335393955e-01,4.941289429405374412e-01,4.675154883755032187e-01,3.720513046047172478e-01,4.985409679030258778e-01,4.988719728632662331e-01,4.990713807960951431e-01,4.762011011622714340e-01,4.933806759204599768e-01,4.942224096681911982e-01,4.254650878596941133e-01,4.965676342095384221e-01,4.945842486620790068e-01,4.881241434675032131e-01,4.941044260173015901e-01,2.755883812208099193e-01,4.927308270947446389e-01,4.818176555739530631e-01,4.978497271776809452e-01,2.905014892515052072e-01,4.386893453718645475e-01,3.156126834039753026e-01
4.802837500960916439e-01,3.204743427794032873e-01,4.944039549245083376e-01,4.983443302149149212e-01,4.927274449485939956e-01,4.956891938774034001e-01,4.990734149642519490e-01,4.747639666911590561e-01,4.975891332123803523e-01,4.991005204791268413e-01,4.800707049416828576e-01,4.968549787902258874e-01,4.977679093633765040e-01,4.794110444426146200e-01,4.741491680077108417e-01,4.988969265301107514e-01,4.970470506038126568e-01,4.992226176278651839e-01,4.689069074072275689e-01,4.974546909193419131e-01,4.661997933172515318e-01,4.973412206132343805e-01,4.929070713466962017e-01,4.974526666848529399e-01,4.966207438556987652e-01,4.968622006176521833e-01,4.980814757164341855e-01,4.895192368275448902e-01,3.064251951312654265e-01,4.950425528423195720e-01,4.944081146317431119e-01,4.346676743742904914e-01,4.984174994255142210e-01,4.991349251879724225e-01,4.741792346210318421e-01,4.985502677823814288e-01,4.953654905390486030e-01,4.985103763234505214e-01,4.555638748644358915e-01,4.904848048704202323e-01,3.176229189115822305e-01,4.898949657073803921e-01,4.981808065617472359e-01,4.576988151139463334e-01,4.965632804463545047e-01,4.984794679841580978e-01,3.067227813889742416e-01,4.750383861302083788e-01,4.799095009305291981e-01,4.396202463481205802e-01
2.845961341142688728e-01,4.955374085913934468e-01,4.972898925822795135e-01,4.963422507836776076e-01,4.910144176092062218e-01,4.949245381929532894e-01,4.780731954123850769e-01,4.994291465366590410e-01,4.942296860860745933e-01,4.992421783781005318e-01,4.463667936503432077e-01,4.767149945384724363e-01,4.988204591887978046e-01,4.275330309733430534e-01,2.782760000697612202e-01,4.988046504561471362e-01,4.984710058092304830e-01,4.994874025036035725e-01,4.380103494028565470e-01,4.725568751243673926e-01,4.500424725811878468e-01,4.990060578826672200e-01,4.867925484468852981e-01,4.940570575252604124e-01,4.932511062489842169e-01,4.961027978190692411e-01,4.967907573866655602e-01,4.858547085957997669e-01,4.749549916558100104e-01,4.904883082256248916e-01,4.884615142210925742e-01,4.738379782140729191e-01,4.962635063818912062e-01,4.991569795213108285e-01,4.982292976058850797e-01,4.973650804790314961e-01,4.959190036633258636e-01,4.975041691413427669e-01,2.714099405917123620e-01,4.901137689200334435e-01,4.949312886582498683e-01,4.970984337860644420e-01,4.925863162065868273e-01,4.735922062130022425e-01,4.983504479769152451e-01,4.772663569023435914e-01,4.977943805358622242e-01,4.727695254959826676e-01,2.853184068325024247e-01,2.847978623470132087e-01
4.915858523824799264e-01,4.952818945615587998e-01,4.786842697058558693e-01,4.967531107782541255e-01,4.967344710449257406e-01,4.925043507228079043e-01,4.780972308362426704e-01,4.995711346791603114e-01,4.885552717151134261e-01,4.990681049210059506e-01,4.937912170063844530e-01,4.777573950612208353e-01,4.705912197846527922e-01,4.682163402102017535e-01,4.838366487017805584e-01,4.990375477060001175e-01,4.972036718830622481e-01,4.990953679261780351e-01,4.848592807065095212e-01,4.527351611836417655e-01,2.843139838326795843e-01,4.990493269063496218e-01,4.947761488307716449e-01,4.948498194444788112e-01,4.662392679352604929e-01,4.856081738992035213e-01,4.918538072110974491e-01,3.713059908657099228e-01,4.686316320034548122e-01,4.965729083507762209e-01,4.629211640441140974e-01,4.833666506223230352e-01,4.973582377986593972e-01,4.990152553953131065e-01,4.986142038326422665e-01,4.920026056546329407e-01,4.715364212666661725e-01,4.928985918405107691e-01,4.566759455973109505e-01,4.688756324738180270e-01,4.692807013135428806e-01,4.914840730824035497e-01,4.978087529573926862e-01,4.825830033668018770e-01,4.981447463043614521e-01,4.472835919086305956e-01,4.982552471272688188e-01,3.756591575716485831e-01,4.952176413582445869e-01,4.409945484661002557e-01
2.991152698247692143e-01,3.125246472969542832e-01,4.417405519488462051e-01,2.970188259874008696e-01,3.371452236567723526e-01,4.826375740623702337e-01,-4.901643788368435506e-01,4.984105278038309939e-01,4.775853436604330926e-01,4.946684005333524259e-01,4.949230123326922581e-01,-4.616178357444836733e-01,4.911131128744887220e-01,-4.670618711325384975e-01,2.122744435250778494e-01,4.725378066185917381e-01,4.975161833528962685e-01,4.745708467380905238e-01,2.798411546525244042e-01,-4.806623483327349677e-01,4.634447322563645111e-01,4.949517544030361260e-01,4.677349193810711458e-01,2.948109564412284000e-01,2.977021050489696563e-01,4.364661530776270948e-01,3.038846927669152653e-01,4.357268569500301059e-01,4.910433629301444447e-01,4.496104403588778720e-01,4.701824140282845899e-01,4.473629897936109434e-01,4.732361499312366937e-01,4.955341674464797674e-01,4.982898578740401763e-01,4.812014060239278579e-01,4.019015269697370218e-01,4.727242525247395410e-01,-3.159738487768145032e-01,4.921605993984113359e-01,4.817242595924760562e-01,4.484233770100478078e-01,4.972530563747160071e-01,2.955358229374677181e-01,4.918172438754835341e-01,-4.682885925043321351e-01,4.931661701059891767e-01,4.797009302595997560e-01,3.243400978520304401e-01,2.885582616727573324e-01
4.101819444796719338e-01,4.123526875690290971e-01,4.137472042307670517e-01,4.604825469283880812e-01,4.065584560019094851e-01,4.474924568499273891e-01,4.795798987734112839e-01,4.679136469909443985e-01,4.443004751812181241e-01,4.688816592610747791e-01,4.736562952246822777e-01,4.731032663944375050e-01,4.549722209638529802e-01,4.532940004086932761e-01,4.273404877405642677e-01,4.764419893912505422e-01,4.076732007889590226e-01,4.608086906086272805e-01,4.734162034952022480e-01,4.582840665523626456e-01,2.819360652616579310e-01,4.363720311331835133e-01,4.537967320005176775e-01,4.744015033191018582e-01,1.814649632250683875e-01,3.292686087452067478e-01,4.803088063939079944e-01,4.096838290487498369e-01,4.702525299731196706e-01,4.608523742658416911e-01,3.262850958208345920e-01,3.797424509561405648e-01,4.063764565520415206e-01,4.564608144872500106e-01,4.117286820210094844e-01,4.547810800489820449e-01,3.805494096275377491e-01,3.939795638237030273e-01,1.448929689828439837e-01,4.586135911588252179e-01,1.727752188858759641e-01,4.412829192470327233e-01,4.420821179399590517e-01,1.215445147791347491e-01,4.654337976679394084e-01,4.481446884467261693e-01,4.700953213368336825e-01,1.810295738523886866e-01,4.563872547568447180e-01,4.122845048609702356e-01
-1.731760104194982747e-02,4.576698184126555269e-01,4.874727158454270626e-01,4.990872412713469042e-01,4.933544339203565499e-01,4.465142883192952383e-01,4.931201090201779436e-01,4.989519652830891605e-01,4.984305786296208129e-01,4.982529914537416338e-01,4.604688123695299118e-01,4.952045062488999450e-01,4.766742510588045101e-01,4.937085069328607245e-01,-1.915995436262728918e-02,4.944737190163981944e-01,4.991635008365535864e-01,4.973668069646253742e-01,4.678777555431568591e-01,4.881950305853113292e-01,3.658929087891647502e-01,4.827663048053411066e-01,4.966229487438423296e-01,4.988512417306460445e-01,4.969770355938364359e-01,4.866253728088542063e-01,4.762954948529866672e-01,4.298041164119542623e-01,4.893064997538015826e-01,4.967594264120396841e-01,4.724523750206343631e-01,4.306740162160567209e-01,4.966878459896394982e-01,4.939064241212568485e-01,4.987581717136835291e-01,4.928772438663568400e-01,4.975530900482700303e-01,4.987954823552129269e-01,-1.521771411340511193e-02,4.866019327545999529e-01,4.901960414453921389e-01,4.924316407164791576e-01,4.739704235177250591e-01,4.653917507926341179e-01,4.741570384952791817e-01,4.934773624646907608e-01,4.688370516257235887e-01,4.337960039391475786e-01,-1.855544723794443074e-02,-1.117982426499720613e-02
4.745407107043836947e-01,4.275786254046424761e-01,4.999231014216898861e-01,4.998512057928037877e-01,4.997115094623410525e-01,4.987670946051115384e-01,4.994813823363165040e-01,4.645687070861503343e-01,4.996357211629217643e-01,4.996943289177172010e-01,4.990693156774224648e-01,4.995337831575951681e-01,4.993546094758380405e-01,4.987361545054958545e-01,4.751312086720656525e-01,4.994066048191275753e-01,4.974441623839203630e-01,4.813000195437308615e-01,4.958631726184384303e-01,4.992335906739638896e-01,1.801563980338503901e-01,4.992650693881167667e-01,4.741712895938945960e-01,4.992666321230271320e-01,4.994651910228635749e-01,4.997463410882203028e-01,4.996164785587455803e-01,3.032498724113323885e-01,3.973509501926738019e-01,4.785656070670910589e-01,4.987837302318769428e-01,4.418875240121147852e-01,4.787229099117650266e-01,4.810880718090687069e-01,4.644623732726504417e-01,4.997749344611638334e-01,4.969217381852637505e-01,4.998463806717018398e-01,4.414729999580694342e-01,4.966655765782012621e-01,4.266230030974695331e-01,4.958942227356669674e-01,4.994396108088264286e-01,4.272088563491362179e-02,4.999080518470749857e-01,4.996084199343240329e-01,3.993577352248275925e-01,2.965857974306011502e-01,4.752307155443716846e-01,4.302231738809276784e-01
4.984889750623149873e-01,4.996002921509534178e-01,4.999905336131822420e-01,4.999627754126581003e-01,4.998161572621836468e-01,4.993026727033674783e-01,4.999212966750191667e-01,4.999955188426331021e-01,4.999245256555741035e-01,4.998686478464874905e-01,4.996038030347598746e-01,4.999662501397113545e-01,4.999007888453093074e-01,4.998858372959805729e-01,4.996309082124529288e-01,4.999325587866475518e-01,4.999377059254642708e-01,4.999938816806520081e-01,4.977204795324515207e-01,4.997594717050279911e-01,4.975662842048359513e-01,4.999032455266224084e-01,4.998343358553977711e-01,4.995428787953465344e-01,4.999151409660113621e-01,4.998919770388152162e-01,4.999892517261261826e-01,4.994341109379985544e-01,4.987102020624657461e-01,4.999568598843026623e-01,4.984801102504488046e-01,4.932695946149240895e-01,4.998218128984617259e-01,4.999876235048615891e-01,4.999471553405185897e-01,4.998923844845581943e-01,4.996200857511460258e-01,4.999843605816811087e-01,4.991867421560237661e-01,4.999695662923180906e-01,4.988936557572639097e-01,4.986996914398029723e-01,4.998424297717990461e-01,4.965650575460529570e-01,4.999567292010287933e-01,4.996485850291998987e-01,4.997063445508023172e-01,4.991240512867833878e-01,4.995072750948841289e-01,4.973530516566885273e-01
4.973820626700040104e-01,4.993598832660724463e-01,4.996080274290642942e-01,4.990509612265524031e-01,4.980999298582771129e-01,4.946442064383335113e-01,4.980462415203552595e-01,4.999318234816014228e-01,4.996307946940456990e-01,4.996768079428191567e-01,4.867432489347605085e-01,4.985343598573256374e-01,4.947544962771640020e-01,4.858730830138393575e-01,4.988024479774025299e-01,4.991688916569156920e-01,4.996273700991059608e-01,4.999383797632468429e-01,4.857167160800198724e-01,4.980933632631402430e-01,4.926749913920303592e-01,4.994964510411261105e-01,3.941871698834922277e-01,4.993647486366048494e-01,4.946704557574568284e-01,4.997489033039058115e-01,4.899684612740828893e-01,4.957618554807455280e-01,4.985969800546271591e-01,3.944989620175383682e-01,4.960820304873462816e-01,3.640776919533245115e-01,4.993934764360025702e-01,4.998823005257239660e-01,4.998356655477358967e-01,4.998756984164592354e-01,4.987529347461422957e-01,4.986453917873553410e-01,4.638377021802370104e-01,4.992631847975271819e-01,4.984032461195310182e-01,4.982186257824856024e-01,3.951916305469815871e-01,3.867739340881966026e-01,4.998740778902776571e-01,4.976774843488237510e-01,4.994058771176504430e-01,4.965179273001230076e-01,4.988967365053362801e-01,4.975653174266926326e-01
4.859479747287000495e-01,4.050899264325613092e-01,4.932422443656590549e-01,3.994430481787861753e-01,3.947048624313427845e-01,4.907415609494639730e-01,4.971893039220489086e-01,4.998078263130982246e-01,3.609697824570887725e-01,4.986675475413690495e-01,4.833621509913620939e-01,3.642680031577099631e-01,4.971789087869654122e-01,4.805190009295353670e-01,3.876264613524507130e-01,4.973882571305964784e-01,4.981592582723640139e-01,4.967382051118147679e-01,3.976749616788659014e-01,4.906693870866809526e-01,4.949052180925386790e-01,4.991786269875448379e-01,4.941147476538647609e-01,4.109267926181814357e-01,4.097533914221579421e-01,4.891169825808271421e-01,4.099793111407132873e-01,4.966784398365311493e-01,4.857629734031319035e-01,4.959641030243780446e-01,4.953638425847810556e-01,3.604714464085051473e-01,4.940049103321181856e-01,4.986106145011501289e-01,4.980520232558128257e-01,4.980441064801000017e-01,4.831232744472802598e-01,4.945229128980423994e-01,4.927167925162067030e-01,4.964185087371552618e-01,4.808257131127435247e-01,4.869581707541603133e-01,4.940180863270711153e-01,3.824920139903753569e-01,4.955659665988796370e-01,4.940099131682939015e-01,4.980490102786619411e-01,4.831146517893464276e-01,4.927787619500126337e-01,4.897505399555314165e-01
4.811947522298276603e-01,4.698623982438602797e-01,3.456301366709579881e-01,4.743525817466990868e-01,4.792006055573676537e-01,4.748700095545537736e-01,4.780313560103678916e-01,4.868450644574078279e-01,4.824772718835939611e-01,4.766711076672516811e-01,4.712365197323662991e-01,4.701684039576797258e-01,4.831694265151690315e-01,4.293084252296831549e-01,3.638081808264246875e-01,4.884058651877783985e-01,4.784989761190331370e-01,4.757462241521903112e-01,4.693405087647684604e-01,4.390075242030562208e-01,3.197809414299305208e-01,4.506881200100039120e-01,4.103709415653353232e-01,4.307661115650546213e-01,4.655484149179777154e-01,3.338296567434251849e-01,4.854608858824506767e-01,4.444590022153898645e-01,4.826107912821429036e-01,4.779727875334633946e-01,-5.789264812322950093e-02,4.550856226219918699e-01,4.868364396342498290e-01,4.769685329165855858e-01,4.845239029152533794e-01,4.871704003757381107e-01,4.519848600813304307e-01,4.586272610342683742e-01,-5.499054839314741761e-02,4.226764714867477513e-01,4.605051713816404879e-01,4.449149239214060247e-01,4.797135222548725153e-01,4.329719510291811790e-01,4.676739541527641930e-01,4.485800576576240428e-01,4.775477229325460482e-01,4.516039133446684839e-01,4.754401374404867986e-01,4.580790308650841691e-01
3.341420751473860862e-01,4.327457347692065803e-01,4.105152329766325603e-01,4.944391039321370251e-01,4.653610914568583334e-01,4.543184516706354481e-01,4.699442492353492207e-01,4.992503053102285704e-01,4.895482538747150114e-01,4.943310491338960833e-01,4.596322744902288093e-01,4.652267671665050175e-01,4.710074064598575028e-01,4.608517660353897427e-01,3.540779650744093621e-01,4.885854026653395632e-01,4.939167211059480866e-01,4.977604232866958411e-01,4.563541701466130029e-01,4.591894710205359775e-01,1.015882561005478357e-01,4.795122278631803181e-01,4.763134979696143079e-01,4.884341087493638267e-01,4.903957564787199686e-01,4.789238700639057433e-01,4.822423532527249646e-01,-2.444834161787349802e-01,4.905529719230908303e-01,4.847924735661260920e-01,4.609047917931884952e-01,4.456974324201526949e-01,4.878975837876052823e-01,4.869766362006175964e-01,4.977486388865840494e-01,4.849419413678091595e-01,4.895185677790123147e-01,4.972921811849663754e-01,3.282660843764225178e-01,4.817267409009904355e-01,4.917985540489500096e-01,4.590699685874388147e-01,4.720381760179640507e-01,4.761753661523884795e-01,4.581671438608260760e-01,4.669013301213729705e-01,4.676657420194873516e-01,-2.256988743254017549e-01,3.678999894779185764e-01,3.347288011579053757e-01
1.120680036718491729e-01,4.956920070031207159e-01,4.933685406875095159e-01,4.981691829814827721e-01,4.914256780176829431e-01,4.928732185518317488e-01,4.931888799248579369e-01,4.632907984558800596e-01,4.882164560307842294e-01,4.988712722394985644e-01,4.806985361881547791e-01,4.918102375113149183e-01,4.977906261734553195e-01,4.745766642298905880e-01,1.100901292495046618e-01,4.981887835635290251e-01,4.986536560796710482e-01,4.507443672444311211e-01,4.802934029388343240e-01,4.887986412491621135e-01,3.196623686426176558e-01,4.981149882525101047e-01,3.827292193061018755e-01,4.934160763479873979e-01,4.953612004336122032e-01,4.860136141220156580e-01,4.964583237744999988e-01,4.069080740351106451e-01,4.601781588932299383e-01,3.805487033624267990e-01,4.797855932830568104e-01,4.314703088244297713e-01,4.499361534178331623e-01,4.510025817816225024e-01,4.626543104425502873e-01,4.851356905888238868e-01,4.953322500927042626e-01,4.961150794763147798e-01,8.759000614324020939e-02,4.954706764999390334e-01,4.929997502532175169e-01,4.936284463185995341e-01,4.925554144459750594e-01,-9.235185976768789384e-02,4.965877630678169341e-01,4.910158232992208882e-01,4.616707849772797023e-01,3.923122266675574954e-01,1.127877618526056530e-01,1.114002576900065822e-01
3.573172710120491313e-01,4.944750625906467190e-01,4.954033165027151853e-01,4.973090827212302001e-01,4.971813338456494979e-01,4.960876779825397209e-01,4.946844601308773570e-01,4.985601518332104520e-01,4.864614110821644521e-01,4.991651880671308383e-01,4.798379271152252157e-01,4.953096065425413586e-01,4.984284863254016540e-01,4.730727050387530941e-01,3.516755480423084390e-01,4.973538420644686986e-01,4.986633228810357088e-01,4.993218093450993988e-01,4.792621209998364495e-01,4.907503505799810650e-01,1.811806142876426495e-01,4.991826520218190510e-01,4.859785056250053858e-01,4.960954274318035706e-01,4.935141110637235595e-01,4.847497784475569005e-01,4.969705116241581733e-01,2.956656593231755115e-01,4.964297699238207628e-01,4.983840378626702705e-01,4.773774368646187538e-01,4.755660834620130673e-01,4.874762653185117367e-01,4.990968667849972618e-01,4.974116419763651153e-01,4.898720898974039395e-01,4.848848215859373201e-01,4.932574263335696707e-01,3.476721396334328529e-01,4.922360462352785571e-01,4.929911137324972104e-01,4.914325932900220906e-01,4.976147949275064875e-01,4.706765560664078474e-01,4.983673875605813541e-01,4.905222104149269957e-01,4.978022647019643143e-01,3.019721359928128068e-01,3.583945677486505832e-01,3.432892051463296568e-01
3.722711162463553380e-01,4.942464550897829878e-01,4.802340113580461090e-01,4.964000532769567986e-01,4.841259213181972609e-01,4.931776680826445713e-01,4.702459440657945078e-01,4.989918974505775928e-01,4.889691017988577193e-01,4.993627115707893749e-01,4.966716687160314669e-01,4.673975750829939546e-01,4.952426605175924146e-01,4.615236190765042434e-01,3.573425093687498943e-01,4.992872520883870346e-01,4.980619454502818177e-01,4.990818290515470212e-01,4.945604248624600463e-01,4.675286716629989958e-01,1.039368317065794134e-01,4.990928061052578579e-01,4.819342382614408837e-01,4.932162407647221469e-01,4.918932101191146877e-01,4.863734854723585355e-01,4.893983074277084566e-01,2.139500309663773248e-01,4.964265179987222831e-01,4.866705575886952628e-01,4.853073742695314108e-01,-2.328302179744562161e-01,4.966232230309734486e-01,4.989638172977224895e-01,4.978996481101131688e-01,4.939675906609271583e-01,4.965816407592763548e-01,4.918905698062622234e-01,3.240332776733648168e-01,4.926745259513652386e-01,4.950404390505228069e-01,4.903028169171991246e-01,4.868470376026395874e-01,4.456337135242905423e-01,4.983122807193335890e-01,4.627597064846293851e-01,4.970323545569234613e-01,2.276122373892284223e-01,3.734928241860849263e-01,-2.419610970197222100e-01
3.215050885467774511e-01,4.510736773745370187e-01,4.606006400614482965e-01,4.847081907776905618e-01,4.805846508016415886e-01,4.703610505114985685e-01,4.590611869505842324e-01,4.991113126811018708e-01,4.566513216162408351e-01,4.988851339513493133e-01,4.936985394794327076e-01,4.244350471553468562e-01,4.913686364035583787e-01,4.526883134215208826e-01,3.075993088898362204e-01,4.963923213374389354e-01,4.938272833706292553e-01,4.933162152475403239e-01,4.935940059114923839e-01,4.530051866689560058e-01,2.869497135596034698e-01,4.965993648046565512e-01,4.868308736695595162e-01,4.895118041309292067e-01,4.899310580574238183e-01,4.800494524106934113e-01,4.900926739566848211e-01,-3.776694280009173510e-01,4.573217836258984814e-01,4.897484519802754455e-01,4.591456480238313431e-01,4.800512220331370483e-01,4.945341742107509653e-01,4.952516892214979816e-01,4.619155686198999078e-01,4.968473480322625480e-01,4.799713465694208092e-01,4.857541977110723663e-01,2.939026323788095918e-01,4.908408994457311714e-01,4.801164946548271417e-01,4.525497233003735187e-01,4.865789851019372558e-01,3.926356480677841709e-01,4.665049460439191220e-01,4.521172415776499864e-01,4.952651361703899746e-01,-3.714723901295963748e-01,3.006980064050148171e-01,3.210770120487586032e-01
4.264936696742173128e-01,4.663010517308369685e-01,-3.855460293737112409e-01,4.838329913811209582e-01,4.770700067555492807e-01,4.808644013942809936e-01,4.952210032257243766e-01,4.859480031114353227e-01,4.766859398990097030e-01,4.869075867952590841e-01,4.852690347458346598e-01,4.930716591078457833e-01,4.734572821219977246e-01,4.844823777950834076e-01,1.389728621321819901e-01,4.899365628891008129e-01,4.863460056996465330e-01,4.860622005531721745e-01,4.861802531561875695e-01,4.759547951593851578e-01,4.410509872594609582e-01,4.751966775145761157e-01,1.464299660603667341e-01,1.554746969877007223e-01,4.600809734532559925e-01,4.619060947725205923e-01,4.945559008842926874e-01,4.641051398883896395e-01,4.643301398208431463e-01,4.843241296822363706e-01,4.739055906826985520e-01,4.752638241688813547e-01,4.870850308735690248e-01,4.900272797195640018e-01,4.881061043630472995e-01,4.627113301749307683e-01,4.763767523884942512e-01,4.836912578394322315e-01,3.913498356881411344e-01,1.520139890935736926e-01,4.306256621649993122e-01,4.756850347080528452e-01,4.888417680190396686e-01,3.802539902489251999e-01,4.820803882884937552e-01,4.901692914962281766e-01,4.810601318860353581e-01,4.363297853403129700e-01,4.191250893027338997e-01,4.198778913746325503e-01
-9.590386851513477140e-02,4.583549420210017988e-01,4.778785700969254702e-01,4.932012698673978179e-01,4.878501664718900566e-01,4.684430617930892549e-01,4.788704486150979212e-01,4.990652311900125593e-01,4.820615214498201739e-01,4.770937045550053823e-01,4.960143877581895122e-01,4.836963519587940130e-01,4.781383928641957937e-01,4.982328237386018932e-01,-9.645424289341116009e-02,4.948598805244096011e-01,4.838442351489486981e-01,4.974285461864201285e-01,4.813590793567585902e-01,4.921939786641315040e-01,4.675463966515426839e-01,4.953304563438914454e-01,4.872969943019668237e-01,4.765621663229366867e-01,4.758377819743715431e-01,4.787282192492414157e-01,4.945009282244833826e-01,4.798578024198486003e-01,4.765612842511073866e-01,4.925295287394739763e-01,4.746192634821214118e-01,4.886517553534909797e-01,4.932951548512006235e-01,4.854637343360417856e-01,4.969063253328595553e-01,4.823912193016177685e-01,4.947051369795109621e-01,4.953789782005763032e-01,-9.245657522374224613e-02,4.964198734031360360e-01,4.700393913461412554e-01,4.824156258822454579e-01,4.933755271378920670e-01,4.655980779949887571e-01,4.905063854071239349e-01,4.835883475216526395e-01,4.775589308766823859e-01,4.761813872606553422e-01,-9.684735398797640615e-02,-9.396522542219920560e-02
3.272483774896812192e-01,4.847527134267909932e-01,4.998257188967042963e-01,4.996224137024443679e-01,4.972863863126221751e-01,4.983037871199383351e-01,4.998058983586933235e-01,4.716641636403732241e-01,4.993070857586995870e-01,4.998026194567735669e-01,4.954110818612506573e-01,4.933919106068861971e-01,4.990137850712749179e-01,4.956132686503388340e-01,3.282066773527248515e-01,4.993586386552489320e-01,4.997219223349517736e-01,4.722261876959821247e-01,4.952005743404218063e-01,4.968959203101681599e-01,4.948561510738131997e-01,4.986613614358679225e-01,3.444787863175475806e-01,4.970784789093812273e-01,4.988210464550391077e-01,4.990402640724604932e-01,4.992387062004952636e-01,4.992435228338095721e-01,4.595942553070535563e-01,3.396472432170903333e-01,4.982354284274310152e-01,4.702698965157379174e-01,4.706313162504998093e-01,4.715411754890143636e-01,4.714678847085930768e-01,4.930424720842838671e-01,4.985106608206945067e-01,4.997340264446085145e-01,2.390838878366367826e-01,4.993532172297602267e-01,4.856337058125254069e-01,4.986622425579643192e-01,4.963277602574008296e-01,3.925019312890438150e-01,4.996823626363445237e-01,4.996062592976149297e-01,4.596306830329537352e-01,4.899545427316379653e-01,3.286016856218684223e-01,3.287109905703264889e-01
4.991131525466336316e-01,4.979092798288681232e-01,4.999759357351191147e-01,4.986675554667768240e-01,4.997418774642782835e-01,4.997358265753409912e-01,4.998100343735049633e-01,4.999672223913154134e-01,4.994648322360854542e-01,4.997607656625747685e-01,4.852239643011466153e-01,4.999052441998317886e-01,4.997710072883140842e-01,4.864270122946445229e-01,4.996139907036417083e-01,4.997482872846050750e-01,4.999639462799810308e-01,4.999798642072387223e-01,4.864348779888197360e-01,4.982795720065625322e-01,4.894720066449312346e-01,4.991926015827363727e-01,4.998491535821794618e-01,4.999484021244738341e-01,4.988235299047357740e-01,4.998807168077379903e-01,4.994061168373292170e-01,4.968775663400776810e-01,4.995714121945583064e-01,4.998155567417525424e-01,4.971566748407475478e-01,4.993324423467416784e-01,4.990104125774608157e-01,4.993215041612256710e-01,4.995171462862871836e-01,4.999830515971663836e-01,4.995309686234361557e-01,4.999687181973879180e-01,4.991304277822264379e-01,4.990999850635257640e-01,4.982074728473125935e-01,4.991391795490902616e-01,4.983570144075102348e-01,4.240209690243001983e-01,4.999307256097638152e-01,4.997237584536098343e-01,4.998171162028907655e-01,4.935503269988576469e-01,4.989924224517277018e-01,4.976032004912896434e-01
4.985789653308161373e-01,4.989354090212625992e-01,4.990608009348510565e-01,4.903211202925435996e-01,4.996222293464645525e-01,4.915583288529303263e-01,4.730181852290876732e-01,4.999872032477397643e-01,4.998747150356481206e-01,4.996686588982444666e-01,4.890821335697559391e-01,4.997253829476686615e-01,4.994906878012562168e-01,4.843471298432096561e-01,4.991343073523508700e-01,4.733997283533727396e-01,4.999582468277805614e-01,4.999835088591986221e-01,4.888455173662403230e-01,4.980536690608448058e-01,4.762428483657378808e-01,4.982626687608252003e-01,4.993498814796483165e-01,4.999687950922434010e-01,4.994201123105547202e-01,4.998809273478231341e-01,4.990055173845985292e-01,4.891771021346085768e-01,4.995289592423195479e-01,4.998616205890093478e-01,4.987596591477234664e-01,4.895430918138831133e-01,4.904512497399189375e-01,4.999550368868009853e-01,4.996715430408376624e-01,4.990947319764695300e-01,4.935317559274519650e-01,4.998721263740318332e-01,4.637386578391296532e-01,4.982239257548911615e-01,4.981613242288449039e-01,4.988372382656772186e-01,4.985006820776159975e-01,3.999809091799582661e-01,4.991367479731393941e-01,4.992747491464993859e-01,4.919974062716960805e-01,4.883176881701335459e-01,4.913309510737405295e-01,4.710893686491422483e-01
4.943432715224257423e-01,4.915016729325777378e-01,4.981148586500735997e-01,4.927109377548425928e-01,4.876189996695685647e-01,4.699106456730378079e-01,4.871119573232974287e-01,4.998078533505019849e-01,4.802269439324893807e-01,4.991534466467976161e-01,4.784766932621876134e-01,4.846248347113214505e-01,4.881977449039877071e-01,4.772899610330604281e-01,4.976160140463182224e-01,4.987535064664365692e-01,4.878943684522348279e-01,4.984268323812658386e-01,4.828510598247293673e-01,4.832261364802234449e-01,4.799402557197532393e-01,4.989407518101067196e-01,4.795501236741639417e-01,4.824225494652831236e-01,4.823431272334214870e-01,4.984244932509444004e-01,4.929444726649393482e-01,4.871139425667477818e-01,4.973311477448476015e-01,4.834975520820079531e-01,2.311932263924285358e-01,3.360664896097717014e-01,4.891316624734427521e-01,4.963171622952637363e-01,4.876862005600985928e-01,4.991165571263067036e-01,4.848126806484121532e-01,4.883586385527959872e-01,2.297640956502340071e-01,4.863520071720762172e-01,4.923566698392625174e-01,4.950874269115834170e-01,4.718151233018538782e-01,3.948802113613884002e-01,4.965555151366934372e-01,4.868542524749003286e-01,4.990697510655043301e-01,4.907988217643559636e-01,4.977394276558879671e-01,3.279914301080801842e-01
4.814511107884456576e-01,4.663839554449792923e-01,3.188015788163291869e-02,4.889511615400967681e-01,2.448154779447816176e-01,4.891400816096674320e-01,4.075717129106030123e-01,4.921660925965847810e-01,4.805549459576011206e-01,4.862159228503312169e-01,4.946345563488681596e-01,4.063919973853769019e-01,4.826472017211501653e-01,4.009086676394034710e-01,2.109695319135199698e-01,4.910836577542322945e-01,4.967524337287765879e-01,4.932900580192977613e-01,4.896385634146091514e-01,4.055947152712490178e-01,4.492238053695157274e-01,4.783210195921464569e-01,4.666075421256233313e-01,4.822526928897985510e-01,4.871036443297152019e-01,4.703557652517836862e-01,4.929414591193429507e-01,4.666166771811974257e-01,4.636611777402100953e-01,4.925044582667000848e-01,4.771849023715220572e-01,3.225298556140074324e-01,4.957696535662385884e-01,4.908774419040966563e-01,4.922124022869799886e-01,4.647589155494207813e-01,4.871088822901681881e-01,4.825920840440554027e-01,3.916318392035403884e-01,4.791588886646682699e-01,4.356241928776473649e-01,4.875812575189534259e-01,4.843177967918977922e-01,4.071762048116743249e-01,4.925936893507706915e-01,4.013889676810643570e-01,4.882723529611740498e-01,4.564301643045967083e-01,4.669862646017718388e-01,2.948832854680220050e-01
2.995618183246004929e-01,4.875947774734369355e-01,4.495210134672840696e-01,4.929636112207946286e-01,3.967532481965573288e-01,4.790695097369455091e-01,4.750981326671358529e-01,4.984127584122732824e-01,4.167563638677236892e-01,4.834603505777060328e-01,4.853897999812253339e-01,4.798641765813325133e-01,4.890896703692466096e-01,4.722527984953179825e-01,2.851630143981004339e-01,4.957842784280822590e-01,4.919400819453242923e-01,4.966842087849862586e-01,4.748964763273326728e-01,4.763551633318955925e-01,4.242574332545598903e-01,4.931986943907389898e-01,4.227793844433643256e-01,4.781551909601267081e-01,4.875952482031157276e-01,4.088060286461198123e-01,4.951976035081001037e-01,4.939905770362661430e-01,4.926094077622319989e-01,4.319858872061833055e-01,4.155564427075840728e-01,4.147556989144827178e-01,4.918535575178017427e-01,4.891481759068654345e-01,4.961041543857976910e-01,4.211699669199002183e-01,4.312836893116248627e-01,4.880116467891761900e-01,2.914271303479413211e-01,4.792791202419700580e-01,4.867038602377037892e-01,3.993221340979831724e-01,4.819927341853660896e-01,4.341917986083593806e-01,3.848072432787433828e-01,4.736358131326139920e-01,4.948961005187671458e-01,4.897265254354519759e-01,3.029189203424324517e-01,2.002362781952241877e-01
-9.247148489905972213e-02,4.894172308619377798e-01,4.936118798459462331e-01,4.965274959168570756e-01,4.918996792446982402e-01,4.835807276688419143e-01,4.755344201014597427e-01,4.954241823383919163e-01,4.865543957170104239e-01,4.988580026539041201e-01,4.954985077938500737e-01,4.614108423265577685e-01,4.954841341564710788e-01,4.679206773945781550e-01,-9.037058964289376717e-02,4.983879919258503155e-01,4.984277545734533965e-01,4.974166248635424892e-01,4.933288066957217666e-01,4.731762938303324395e-01,3.781595100081785454e-01,4.977531953271517873e-01,3.447357473343471979e-01,4.962235157868961632e-01,4.943930444824418124e-01,4.806611988965323046e-01,4.970384974727263816e-01,4.563652459178318410e-01,4.913847960523500813e-01,3.436012113981320448e-01,4.842800843686630441e-01,4.299534598037482724e-01,4.952202493548142903e-01,4.969239682073830489e-01,4.943527698401027903e-01,4.855350134968156595e-01,4.945818651271875477e-01,4.909684836682275400e-01,-5.814326039470666535e-02,4.951167909955220825e-01,4.909299391293144299e-01,4.890981383366676538e-01,4.822439633715563390e-01,3.547198055363919855e-01,4.948727177285717205e-01,4.705967537653547583e-01,4.920194475685433777e-01,4.249175485397321261e-01,-9.210638061569377533e-02,-6.735294041752031002e-02
4.919607656145448260e-01,4.916172282180276132e-01,4.949052969227091814e-01,4.965419792782760355e-01,4.896457841859522819e-01,4.974601810077637354e-01,4.919266957206652746e-01,4.988980278100129673e-01,4.950146666191428957e-01,4.985126615702192843e-01,4.960086948159727060e-01,4.900305655204568178e-01,4.985613210788199523e-01,4.874040466356702739e-01,4.811687351830204462e-01,4.985446416323692231e-01,4.987107829466393971e-01,4.990233564227449792e-01,4.960047834739204076e-01,4.899651848237997487e-01,3.788980999128788718e-01,4.986313838035507096e-01,4.899804619078131362e-01,4.973017794867685137e-01,4.903860495704485678e-01,4.936948313512683484e-01,4.943222525766751696e-01,4.446196398522725413e-01,4.971774238953607372e-01,4.896039708104423238e-01,4.940880602499415075e-01,4.827598798004103520e-01,4.976974310234628107e-01,4.974687022547005788e-01,4.962490251346747261e-01,4.983641407923822819e-01,4.971620434183713355e-01,4.950858405510988325e-01,4.738673641916484880e-01,4.977171753348061944e-01,4.929947556501364514e-01,4.903146937336622102e-01,4.883197886912796215e-01,2.927826562409292510e-01,4.990482978571093020e-01,4.873946560030146813e-01,4.981473297371444842e-01,4.302504187285626780e-01,4.931790857886568791e-01,4.756148242353814837e-01
3.263943498007015331e-01,4.934449294894273641e-01,4.805688145672830092e-01,4.877761056125593520e-01,4.974763613639868187e-01,4.902000548818945536e-01,4.663779634861439649e-01,4.994946597028097068e-01,4.961823581719413956e-01,4.992284942924532509e-01,4.963236417651890608e-01,4.932072413669954525e-01,4.974248513411691497e-01,4.759317369017898036e-01,3.232651199345676907e-01,4.711449352703963034e-01,4.985831551312759347e-01,4.989411931261892308e-01,4.929501275549906802e-01,4.913636951282550624e-01,4.475741830163134649e-01,4.973272957412716577e-01,4.926988464209687280e-01,4.944665419170300447e-01,4.947909163304486380e-01,4.960952927525985601e-01,4.964001406445687770e-01,4.855482618369183490e-01,4.710632876642687483e-01,4.953662107967126693e-01,4.918731874438659335e-01,4.556959535535263783e-01,4.898459157099311345e-01,4.988146531626677649e-01,4.987392451177053987e-01,4.971743380504500820e-01,4.805984073445520033e-01,4.979153431981797051e-01,3.026571818980323125e-01,4.923202461038645450e-01,4.939592405161571387e-01,4.959417407924102683e-01,4.947442869230425089e-01,2.445964724462728057e-01,4.961000747771805441e-01,4.918035099767168461e-01,4.895602975555043423e-01,4.774844441825482622e-01,3.223729804864854942e-01,2.867445277646579194e-01
3.496625481098178390e-01,4.877968555111961702e-01,4.745588565791458158e-01,4.965663914903697962e-01,4.783698483503625032e-01,4.866190804882597476e-01,4.463731586231613480e-01,4.989404494554019465e-01,4.516190673394266386e-01,4.990068774884549585e-01,4.839113416803318413e-01,4.407897345688766011e-01,4.526829519717485151e-01,4.392247369916024713e-01,3.369548001990533836e-01,4.971350359540150365e-01,4.911542983480127189e-01,4.953819385817969656e-01,4.856233274900759178e-01,4.098322120202842478e-01,4.172596864286594043e-01,4.981419060349320249e-01,4.809223701937438977e-01,4.875671751414946686e-01,4.502031672028011244e-01,4.872271924800990472e-01,4.952588212589064121e-01,4.657185292796757747e-01,4.503272277901140819e-01,4.851911892003183957e-01,4.601766085399136563e-01,4.404945070261158113e-01,4.670854684271658619e-01,4.970156204549091017e-01,4.911219635882296264e-01,4.910205499056883305e-01,4.500890837747603124e-01,4.916933512382216098e-01,3.101744283038937455e-01,4.477052693441763154e-01,4.477019638174655203e-01,4.938383012091102642e-01,4.780679411980345850e-01,3.004044285438600692e-01,4.934172421515360396e-01,4.107945332308027830e-01,4.946865659887813571e-01,4.581744584886822125e-01,3.514233437469326815e-01,2.848060192343091490e-01
2.922758298315668024e-01,4.626441425352080805e-01,4.747458599590089756e-01,4.916844686018921329e-01,3.566332504173388984e-01,4.797050567099204743e-01,-2.115083155305474139e-01,4.916377499859912459e-01,4.437593911626276921e-01,4.901416372879938699e-01,4.785184968833691710e-01,-2.096973299808315427e-01,4.870453183887008541e-01,-1.906912098882715678e-01,1.849712314286505177e-01,4.910048170641197474e-01,4.897896542915985418e-01,4.930355292208220552e-01,4.768939025567975332e-01,-2.107139193324172044e-01,1.288413496300355385e-02,4.895736213602409070e-01,-2.327911992502735075e-02,4.957958112466007705e-01,4.825316769941651596e-01,4.236716464003695282e-01,4.968803936007101241e-01,8.830424156704122507e-02,4.767552557054606233e-01,-2.283556148621209911e-02,4.531537715826121082e-01,-1.788503286252763821e-02,4.935832728189620822e-01,4.831320276528777158e-01,4.888573340711003246e-01,4.544945715054311552e-01,4.874803800780302399e-01,4.517682207964134333e-01,-1.231358129337750823e-01,4.930449497643027423e-01,4.380897681737769278e-01,4.646127788491695165e-01,-8.915902463004282338e-03,-1.449026057848633482e-02,4.834230112394886647e-01,-1.992227434538118569e-01,4.774398445482336273e-01,8.818400730700920453e-02,2.961500423150900674e-01,2.465552497080073791e-01
-8.512989094267640888e-02,4.440382476190233851e-01,4.881531675065254872e-01,4.926228867315406434e-01,3.631944055664258486e-01,4.889156675495817117e-01,4.942389601213261763e-01,4.948466554227866077e-01,4.573850206573296662e-01,4.913210090052463341e-01,4.683669259928671669e-01,4.940762542755558484e-01,4.903298468447430114e-01,4.779209757566512673e-01,-8.553832740708036675e-02,4.883377208772315403e-01,4.894268930095910797e-01,4.887408614963999476e-01,4.777736794879688942e-01,4.662146018910779954e-01,3.717078702444097660e-01,4.883541122339383200e-01,3.777441575550027353e-01,4.888969226887237562e-01,4.779924734074370574e-01,4.510342473101527916e-01,4.899646902456530340e-01,4.898074873355057757e-01,4.451580957330579236e-01,3.768320716474716225e-01,4.540009924341878444e-01,2.546600833232186556e-01,4.872732675540895619e-01,4.866627997718656617e-01,4.899858229273766907e-01,4.535796635723054471e-01,3.646167493307307383e-01,4.850745807762001371e-01,-8.086836579501233135e-02,4.749541302915085139e-01,4.265249026528185050e-01,3.311727743726931017e-01,4.833715767345883596e-01,3.600729300060211968e-01,2.813650221761436754e-01,4.823597028540227427e-01,4.382104630071731455e-01,4.730879161018916590e-01,-8.713766817064273751e-02,-2.984893203091950470e-02
3.987662264884455077e-01,4.913694659064735126e-01,4.995837821030899017e-01,4.986917026377852280e-01,4.979011216194795808e-01,4.592736366167054496e-01,4.978458177578569122e-01,4.988989181344211099e-01,4.997990534339779023e-01,4.992722143975820703e-01,4.716600196364277298e-01,4.827432098017240825e-01,4.970563162229418297e-01,4.728286784909822571e-01,4.001791909258287649e-01,4.978220577317074014e-01,4.997488034133734658e-01,4.970379304955497290e-01,4.687297061455916181e-01,4.953384371718106971e-01,4.926908970870093607e-01,4.952457447558697434e-01,3.861170045730513700e-01,4.984853773971088531e-01,4.969946737798628389e-01,4.983174588755229228e-01,4.956337549113356000e-01,4.986010840512172804e-01,4.932360710586525809e-01,3.849376552595771828e-01,4.959264892515930501e-01,4.861646516761358172e-01,4.967422172849531026e-01,4.959230853030607289e-01,4.998664537549010189e-01,4.971849028982098795e-01,4.985194259945192607e-01,4.987266748702647301e-01,3.129805916461392834e-01,4.949186663083062210e-01,4.895415341811189536e-01,4.941987289919568260e-01,4.684587155611647513e-01,2.732389117762243913e-01,4.979514797105243917e-01,4.985638912778140308e-01,4.933101847094915060e-01,4.934477240979735502e-01,3.993113004204761340e-01,3.895560680000602627e-01
4.983119773790501972e-01,4.951649297908814473e-01,4.999350957467927348e-01,4.998106271490167507e-01,4.992889120887709087e-01,4.992373151324617231e-01,4.998544751851439760e-01,4.994585505871053654e-01,4.967540087063520016e-01,4.990688162187891797e-01,3.054867169850261077e-01,4.986128285461555731e-01,4.991915777103038132e-01,3.075737667448930623e-01,4.986175918023026399e-01,4.995377893341118036e-01,4.998551240068522805e-01,4.999779580437351267e-01,3.065862540254789548e-01,4.078425246826473671e-01,4.020205998503346145e-01,4.994067358474470475e-01,4.992729210291692588e-01,4.996622230793272279e-01,4.953383604345776292e-01,4.997822230548281119e-01,4.961578750320206344e-01,4.958537050452839212e-01,4.989943204183134862e-01,4.993091229809273890e-01,4.974902823749841052e-01,4.992106501867515367e-01,4.997444750671388713e-01,4.991592316409619867e-01,4.965411240833064177e-01,4.999684050352102838e-01,4.995212183223940450e-01,4.999747757072722787e-01,4.980231767524867514e-01,4.073845144493219994e-01,4.974324080948480109e-01,4.954039383767024352e-01,4.913933910016834439e-01,4.194443577619385577e-01,4.999221824301288142e-01,4.999073742480210636e-01,4.995290549379921563e-01,4.913224492723827774e-01,4.986236416226964008e-01,4.980757454238770032e-01
4.994122271899636423e-01,4.985064940770683184e-01,4.991469467326525300e-01,4.969405294217968949e-01,4.995277699718217446e-01,4.981376701725051537e-01,4.997687830500503470e-01,4.999912800890253806e-01,4.999867283837899357e-01,4.988584335561632721e-01,4.950209497616016030e-01,4.998976173871177431e-01,4.995853094510879222e-01,4.979706286997364062e-01,4.998446933549133830e-01,4.997586308956347145e-01,4.999439455444836256e-01,4.999952996657399673e-01,4.947067467002235763e-01,4.990780515394012129e-01,4.816830662889368120e-01,4.987515395396529549e-01,4.953930468442133694e-01,4.999901748166857285e-01,4.991776680753126638e-01,4.998983984305527262e-01,4.999408504214051252e-01,4.909809243809881152e-01,4.991491781639240677e-01,4.997543188090666777e-01,4.974107269864065373e-01,4.995815512106248635e-01,4.941449097119782197e-01,4.998577218722979332e-01,4.998224307305253467e-01,4.999932656432877764e-01,4.952456981030562977e-01,4.998445293515491050e-01,4.992460583766753501e-01,4.997346211629915547e-01,4.987320042552737531e-01,4.968177097666965358e-01,4.943330847624252677e-01,3.604392978297285555e-01,4.999351896369615966e-01,4.999085241278753422e-01,4.981679436497983282e-01,4.900982960891163698e-01,4.983633776986877151e-01,4.990072265216138891e-01
4.970841572105050843e-01,4.973969417696006423e-01,4.992289830363068059e-01,4.974928398291776355e-01,4.987465395594063988e-01,4.986560004221289311e-01,4.923310201243241702e-01,4.992884414102166102e-01,4.661424839125150044e-01,4.950567688032487257e-01,4.939406615524505884e-01,4.970340319156470454e-01,4.900848647825762905e-01,4.957238659327786179e-01,4.984918421743129158e-01,4.961391041624563236e-01,4.929919491188472502e-01,4.968915722234191201e-01,4.965712234554659488e-01,4.827606587552626949e-01,4.719115616559119708e-01,4.994314389636094753e-01,4.963707046497919384e-01,4.986579091967763278e-01,4.883774306556371569e-01,4.981525951966202514e-01,4.987491614494127257e-01,4.947112411533161613e-01,4.889298593917107971e-01,4.990415195066068565e-01,4.710374342892448829e-01,4.946713369531000604e-01,4.686415856468219010e-01,4.999181640412434513e-01,4.972608830773354027e-01,4.996269106196873366e-01,4.885083877635228999e-01,4.991671155785077363e-01,4.903971438076494826e-01,4.823253905479843451e-01,4.883867054508838068e-01,4.980175594262589711e-01,4.922282734835896068e-01,4.053412381755321925e-01,4.970518582836689903e-01,4.878686482593487250e-01,4.991770452791075563e-01,4.876488074801268446e-01,4.992647311797680509e-01,4.718536773784873239e-01
4.776229030269843467e-01,4.722820808219904132e-01,4.223397822852765771e-01,4.697205452041848806e-01,4.891898584059719002e-01,4.914032258592802571e-01,3.727871423160644682e-01,4.892624537725065448e-01,3.394509401475588328e-01,4.973878849136761926e-01,4.804159343508347391e-01,2.648484028143048286e-01,4.900019713310640457e-01,2.685549901995881172e-01,3.398807917781285770e-01,4.934986960786242882e-01,4.870698320472414689e-01,4.985124148195493876e-01,4.652386514968682718e-01,3.705314593975195803e-01,4.521382638846140334e-01,4.951807883826627732e-01,4.765268281801968708e-01,4.780276142916160542e-01,4.816983359886295446e-01,3.604267126529027143e-01,4.816675778151230380e-01,4.853333874150307370e-01,4.773313798652514262e-01,4.840504773087392909e-01,4.855652803097996184e-01,3.444805415106044211e-01,4.982271832076331508e-01,4.901506504717874635e-01,4.960115421019951065e-01,4.850946851771639201e-01,4.877020185793970453e-01,3.566105347038771578e-01,3.615053727489055957e-01,4.894806610951694670e-01,4.843081197097600654e-01,3.618706331898816075e-01,4.665901556127143301e-01,2.937260075052543495e-01,4.899711460664359364e-01,2.788945915428856503e-01,4.925440728559079551e-01,4.779173196576803062e-01,4.880103147465621460e-01,4.820897467673269099e-01
2.663992686957577516e-01,4.735818801949712720e-01,4.197853256434166402e-01,4.705380612715512889e-01,4.314994902054270498e-01,4.794063611906180800e-01,4.757684796791974979e-01,4.890587285691900266e-01,4.542228120335327635e-01,4.815592421419422342e-01,4.712871107149342320e-01,4.826612316601371355e-01,4.769168196357000955e-01,4.556141626393924171e-01,2.338166401894052615e-01,4.801000054711515030e-01,4.717246878196769688e-01,4.676593764038149970e-01,4.774896068669512439e-01,4.823703198360151934e-01,4.138100858339837651e-01,4.817019058893437511e-01,4.553606799576792596e-01,4.728713616449374268e-01,4.577018295113842727e-01,4.240765328338710893e-01,4.699701779795765200e-01,4.608700335869327369e-01,4.693573352000690035e-01,4.639839398457974440e-01,4.443979197909420087e-01,4.465767115064349091e-01,4.731363458003202682e-01,4.843759959839354368e-01,4.660582419868388171e-01,4.470976863720466654e-01,4.346344409619876115e-01,4.656031357649836888e-01,2.539799765378030760e-01,4.589711749066844315e-01,4.490226694707156740e-01,4.456856267486640766e-01,4.634698656260725080e-01,4.564254095659431854e-01,4.453303737366708370e-01,4.286677497820843286e-01,4.735853897152738634e-01,4.437662457525394788e-01,2.740413879720961510e-01,2.517658506451128098e-01
3.711628044929812242e-01,4.917542469415779327e-01,4.861170800580485452e-01,4.984494143435231894e-01,4.821994150406032631e-01,4.056738135376095067e-01,4.825693003190797414e-01,4.960174630740945001e-01,4.970022882256607821e-01,4.957707180862325758e-01,4.974812600794399353e-01,4.750960318846256247e-01,4.960703870344103650e-01,4.854159529942791984e-01,3.545045841698711842e-01,4.969812601173457800e-01,4.978604262437592021e-01,4.963504507877289917e-01,4.964191072724047915e-01,4.713238989498795273e-01,4.965705686749261050e-01,4.874132800368101148e-01,4.599493031041111957e-01,4.931782433230170737e-01,4.905522873304509757e-01,4.943887351013403486e-01,4.920958635357522981e-01,4.970016497450111537e-01,4.938763128129320945e-01,4.688791573595372797e-01,4.911479676806021488e-01,4.426613588187812143e-01,4.877961488298691584e-01,4.969813312376669678e-01,4.965255140117237342e-01,4.978708348417780205e-01,4.939415678510328256e-01,4.950294336255909866e-01,3.313509479949071079e-01,4.923103170580336863e-01,4.869596803190966994e-01,4.915706340706485489e-01,4.784555675351142012e-01,3.694108668430335918e-01,4.960807142552184357e-01,4.824429947901040516e-01,4.955578127850245318e-01,4.887654311406615104e-01,3.758609137144224843e-01,3.593527221227002522e-01
2.998564105348689446e-01,4.909114034787800396e-01,4.933439333349352030e-01,4.973321007241052194e-01,4.969312068359085233e-01,4.945233172289723589e-01,4.768108747559595684e-01,4.973398723252917542e-01,4.904120880550896788e-01,4.985816075197582187e-01,-3.373102528325017113e-02,4.740906547333403886e-01,4.982084316168720606e-01,-3.196868091928549427e-02,2.982298286269097209e-01,4.957041131189833250e-01,4.971238172047564019e-01,4.986763202249636096e-01,-3.281554468454595669e-02,2.802983924606550215e-01,2.872617176848094728e-02,4.980587325886078331e-01,4.954596178309594312e-01,4.946320860492985361e-01,4.889784687971697741e-01,4.930522168646518377e-01,4.959208755349510112e-01,-1.803001849323625783e-01,4.939218363522202004e-01,4.976345058565496138e-01,4.883341316972501511e-01,3.837531572767912680e-01,4.972188859419479634e-01,4.967253425574437165e-01,4.953309930037781417e-01,4.936760644741868265e-01,4.958884979149237870e-01,4.985492689344486750e-01,2.850948579931296689e-01,2.896265681533876646e-01,4.905549749455694331e-01,4.941152666817552053e-01,4.890529865862815462e-01,4.590441822728579813e-01,4.979406399837750241e-01,4.774217762009826393e-01,4.945114143808252427e-01,-1.495023307057288808e-01,3.011204129231700999e-01,2.200702377189488190e-01
4.951220030256174298e-01,4.925384120978555935e-01,4.794638112650070338e-01,4.954786748606198610e-01,4.898386757335255193e-01,4.952383526222771670e-01,4.937497905080018845e-01,4.991066560814026443e-01,4.879938692996285687e-01,4.987945882507637818e-01,4.634321190769886689e-01,4.938997211943795262e-01,4.986798882303441482e-01,4.589507031331275799e-01,4.830569608154173800e-01,4.988805597115937851e-01,4.989820751171424873e-01,4.987594766879852592e-01,4.620431524960649794e-01,4.927249878433462849e-01,2.047620924311280843e-01,4.980807354743642112e-01,4.854872159020118816e-01,4.968072839159154430e-01,4.954275744144873705e-01,4.879183820679909855e-01,4.967890197337184732e-01,3.127301199102277551e-01,4.949828330275506949e-01,4.934708738698788122e-01,4.773985272997860463e-01,4.419473484279968223e-01,4.904274244424069451e-01,4.984095305310051183e-01,4.988165309504725142e-01,4.902051779551143684e-01,4.875760363857500335e-01,4.976758414086820403e-01,4.783797247326449509e-01,4.968075936720849350e-01,4.951742850673810370e-01,4.946255532021576751e-01,4.869163328762024512e-01,4.546156386386245307e-01,4.975683326772870063e-01,4.928741108232128632e-01,4.947798281550332411e-01,3.213381752185645035e-01,4.949789383686525324e-01,4.258116213785167470e-01
4.369924120175635029e-01,4.891993959589707175e-01,4.800280697477840031e-01,4.969242706370074480e-01,4.897411089788074601e-01,4.938929880991740906e-01,4.895262156885260008e-01,4.981476295040311864e-01,4.743662457231116458e-01,4.918894259829990623e-01,4.627886430329888334e-01,4.878928503751875922e-01,4.935389440625103652e-01,4.522612997944729374e-01,4.211542578185335506e-01,4.986521873443133246e-01,4.868450919991762493e-01,4.967778050166224979e-01,4.674511521137790226e-01,4.823845818799013530e-01,1.885691838183714553e-01,4.984716484846418716e-01,4.851167936153577553e-01,4.929868403887749939e-01,4.888293116689375606e-01,4.775427623423829648e-01,4.967995266074804461e-01,3.074206172853355401e-01,4.881912114550789883e-01,4.923016023253747875e-01,4.841296002478204796e-01,4.505230833710846539e-01,4.884149117629389969e-01,4.978179405010585978e-01,4.946358910323869762e-01,4.904096675723148557e-01,4.908057726628682893e-01,4.888982277976945956e-01,4.222531297965886332e-01,4.763793190910916575e-01,4.866405369483779997e-01,4.860802424451208248e-01,4.863842722011883501e-01,4.536750256096273581e-01,4.962664935486042483e-01,4.757374097982425831e-01,4.937055932303470174e-01,3.060145516108727093e-01,4.380843751016985643e-01,3.838275062240049107e-01
1.726875802301345852e-01,4.498394371607637443e-01,4.904064281128346359e-01,4.882772660983979440e-01,4.614879698334852232e-01,4.871039706895256005e-01,3.319748167984829523e-01,4.954582714641507235e-01,3.948124676997974425e-01,4.961546237125905590e-01,4.701749393181277048e-01,2.615305883561457323e-01,4.891339518233110417e-01,2.052639667066090134e-01,1.041554298918649785e-01,4.817567735227675785e-01,4.912399226421410581e-01,4.829747070501890782e-01,4.589321147381911770e-01,3.217792219931763231e-01,3.548241912465455727e-01,4.929147171788165194e-01,4.605836593279291069e-01,4.842166116617110383e-01,4.837960282269464507e-01,3.105404444390152396e-01,4.824081136095679789e-01,4.120861596089031020e-01,4.513579313645813551e-01,4.539828820670145926e-01,4.661499993530343611e-01,3.947633587490133045e-01,4.815237702688948684e-01,4.921133665097236487e-01,4.773103319994444482e-01,4.879274262480111646e-01,4.526685647093810494e-01,3.181331850401329930e-01,1.204410629744755573e-01,4.801031955821005726e-01,4.632709439729491563e-01,3.004169801280116014e-01,4.666135075644004537e-01,2.752355424828349384e-01,4.769411085666245276e-01,2.166861609204679961e-01,4.864309004696770189e-01,4.243940130851465709e-01,1.708698148243199821e-01,1.750401184910859165e-01
3.392823826467107617e-02,2.161985830004522768e-01,4.777635102807232248e-01,4.556730573600967782e-01,2.248428623776147772e-01,4.702507509950336617e-01,4.655338171131065406e-01,4.768837663081101352e-01,4.849725260900758506e-01,4.790344649792546705e-01,4.445562152841064929e-01,4.678798223882552620e-01,4.544343546874439199e-01,4.340458483121998889e-01,6.645293790853541542e-03,4.764098694842911486e-01,4.160368346952983964e-01,4.555562564904347411e-01,4.457889893505708745e-01,4.558687713168918521e-01,3.291861451184486809e-01,4.748765376519522574e-01,1.095185407145077838e-01,1.221485978439903197e-01,2.161248145710666924e-01,4.741004171034235437e-01,4.744762227552047351e-01,4.112565456285924292e-01,2.422775417043641077e-01,4.292249055290920934e-01,4.155571794727320190e-01,3.633576719138639777e-01,4.041845123787106697e-01,4.621997022211274952e-01,4.114730304329891064e-01,4.776119531993845424e-01,4.054231467696171043e-01,4.197013568626913882e-01,1.718260361827643121e-02,1.169692722492979148e-01,1.092429772546159028e-01,4.578020642448843436e-01,4.100935396212110340e-01,2.969833610316500727e-01,4.764450667937724648e-01,4.410286221383712402e-01,2.484295456067875107e-01,2.021192510547130949e-01,3.839792703082533371e-02,3.794475046934600582e-02
4.592986273479952031e-01,4.793827862186770816e-01,4.962655326534550770e-01,4.992397877750579527e-01,4.956971001586971681e-01,4.471770112867455294e-01,4.924071879537122998e-01,4.952804277265328570e-01,4.992096046788774277e-01,4.974473339590400056e-01,4.518403333749327344e-01,4.867076346142457655e-01,4.853879468755205595e-01,4.708409854415250284e-01,4.863641352473793145e-01,4.955520839343158790e-01,4.992593724033723146e-01,4.974695185634354089e-01,4.599846878880990420e-01,4.769026837675621744e-01,4.646556178058222630e-01,4.894294095242663345e-01,4.925433728843812142e-01,4.965863315658201049e-01,4.931639895900163939e-01,4.922854613855999206e-01,4.837108927968299388e-01,4.895531291778287830e-01,4.925699180644945718e-01,4.963212433389690426e-01,4.836714388075333271e-01,4.313572283962586185e-01,4.977514787481929215e-01,4.952035002551640752e-01,4.952813566985143634e-01,4.967121469971566006e-01,4.970602750929868918e-01,4.993214571754793774e-01,4.653385890918174672e-01,4.799713220897870447e-01,4.965756780837654039e-01,4.952453483400842682e-01,4.757896395027543801e-01,4.508168181435211475e-01,4.829919978974842043e-01,4.945132786572934425e-01,4.816220687585008320e-01,4.890608033153693857e-01,4.974734979153369596e-01,4.223325111932611509e-01
4.948299403566987498e-01,4.970236160889180410e-01,4.998561547195397581e-01,4.996901631847091574e-01,4.989494985881211542e-01,4.985798663514290352e-01,4.997062294771716373e-01,4.997738165973755198e-01,4.992221357478033861e-01,4.990424162742738701e-01,-2.768874743086092716e-01,4.987486186651723385e-01,4.994254103286839830e-01,-2.764936206433708521e-01,4.951100711721563297e-01,4.986714119388424571e-01,4.987326376957538776e-01,4.999821481920097566e-01,-2.753634497053821240e-01,3.335113361025440759e-01,3.330492582372860388e-01,4.995236053980852131e-01,4.990352484729266846e-01,4.983189752989486965e-01,4.952199408624962107e-01,4.994795149073990026e-01,4.992888142044878408e-01,4.998221131058887545e-01,4.991218755614616476e-01,4.993880384573193276e-01,4.950263779284680421e-01,1.591150793047857726e-01,4.996118026161689984e-01,4.988007442828435445e-01,4.992077707924033603e-01,4.998972924893654302e-01,4.987546895479066378e-01,4.999584151674038579e-01,4.906597030569499474e-01,3.326961761262273720e-01,4.991297301541125497e-01,4.989009339265343401e-01,4.905777802122642806e-01,4.537983221308574677e-01,4.999186065859164141e-01,4.999420552984729094e-01,4.991593711446298820e-01,4.973802662368111416e-01,4.949697727113580581e-01,2.008040740246354594e-01
4.995982602531580108e-01,4.988643652060471001e-01,4.999277703990367971e-01,4.999048913892013002e-01,4.993174500516567860e-01,4.998390664143624318e-01,4.999593146540990962e-01,4.999985813770148058e-01,4.999168595998821352e-01,4.993757145665604358e-01,4.998728442797959470e-01,4.999142140336918505e-01,4.997600389111921948e-01,4.999929610674573310e-01,4.999692229238643648e-01,4.999510082221691465e-01,4.999113487820662227e-01,4.999968282917228168e-01,4.999807923356480166e-01,4.996322333614977018e-01,4.996389313518171393e-01,4.997693677378817201e-01,4.999558886957065074e-01,4.999916978630917774e-01,4.978317444424512628e-01,4.998577482453722687e-01,4.999019615057979649e-01,4.999864154515908377e-01,4.993921758334293193e-01,4.998957636835589802e-01,4.985633051342278632e-01,4.995585040929558240e-01,4.998814190569850213e-01,4.998550608249267002e-01,4.999939170007310918e-01,4.999924920191137212e-01,4.991224815096013123e-01,4.999796482111802387e-01,4.994293149737679127e-01,4.999511944719455814e-01,4.995849644993187177e-01,4.997154709860000543e-01,4.914079556694554984e-01,4.886790341845726471e-01,4.999695524221920429e-01,4.999602859681397393e-01,4.994046131482909878e-01,4.991652522673520331e-01,4.998655806410687297e-01,4.972549915705811174e-01
4.927616940627546627e-01,4.986111161681833770e-01,4.996734878949540271e-01,4.989479581942495301e-01,4.991268718819775740e-01,4.989774286398324654e-01,4.994034160570897107e-01,4.990482625762431845e-01,4.984411259055931964e-01,4.962260123726253136e-01,4.965352825429233397e-01,4.998534279516277379e-01,4.992144029900736912e-01,4.959481313563488536e-01,4.989558451330973199e-01,4.989417975195551969e-01,4.857361308176114112e-01,4.999323464061090072e-01,4.988269394095753984e-01,4.988093358778560860e-01,4.749085288130891480e-01,4.997039142608084017e-01,4.978535552945447806e-01,4.996727194448142284e-01,4.969153417143994944e-01,4.977748485777138132e-01,4.991191284456176214e-01,4.902132824343544693e-01,4.991492962126847233e-01,4.988492697993042180e-01,4.943903916720887581e-01,4.921956145926499326e-01,4.991499820902896567e-01,4.996957642264541755e-01,4.987810964695021387e-01,4.998258486253096544e-01,4.959326729563139358e-01,4.988562237361616192e-01,4.933192243123362686e-01,4.856472954438408318e-01,4.992831377814647698e-01,4.979512609948364421e-01,4.887993282453839128e-01,4.931408603876616947e-01,4.997937867140589963e-01,4.985401701960397447e-01,4.988267662440610262e-01,4.859035115460874632e-01,4.992001587726305756e-01,4.790460150055491084e-01
4.427665777295768934e-01,3.816885873015029018e-01,4.817045858997287544e-01,4.039088871952409288e-01,4.309418437876447738e-01,4.814996496840663887e-01,4.782102825269489710e-01,4.996686336993395039e-01,4.712077604883206927e-01,4.948913209950514536e-01,4.950541166677533411e-01,4.198283291784552507e-01,4.833915774644165775e-01,1.554336230672794528e-01,1.512973906082218656e-01,4.619825282803738942e-01,4.982612181224087000e-01,4.640215384646918517e-01,3.742253626949241796e-01,4.613474003866393502e-01,3.399847210848676027e-01,4.940057943827311226e-01,4.614060788776269684e-01,3.974305265119389419e-01,3.962883380275001866e-01,1.522978074060412079e-01,3.917953510411834039e-01,3.690057857581656720e-01,4.724589484459422173e-01,4.293455837204793180e-01,4.708306698767568688e-01,4.841885714733119017e-01,4.620433588786730383e-01,4.955626100339360907e-01,4.790164655977582897e-01,4.956103173673717111e-01,3.858097050312710441e-01,1.678222788404430954e-01,4.629902538487646879e-01,4.871497599628216157e-01,4.759371378586896850e-01,1.436888577287083191e-01,4.888218261643597073e-01,1.507581783415490595e-01,4.754552715623578951e-01,1.544640502084737854e-01,4.951365741378179197e-01,4.187003334824041523e-01,4.520090117808084895e-01,4.355217790550604540e-01
2.843396495232219379e-01,-7.433364868210026732e-02,3.344470732136688440e-01,4.649680300071396544e-01,3.665013646104956502e-01,4.593903220487237649e-01,3.026356580844864474e-01,4.710093544093981177e-01,4.231212503206532305e-01,4.698900910942251374e-01,4.787049609148191776e-01,2.959554705894551496e-01,4.620416885663140572e-01,2.972968451665552458e-01,2.539344051041024231e-01,4.781879543578114178e-01,4.225078077511177366e-01,4.633226352433969519e-01,4.732256496801564016e-01,2.897396265942231430e-01,2.315273644795208530e-01,4.368010232726068365e-01,4.653336885167873027e-01,4.830457593521844673e-01,2.304929440643525840e-01,3.104411593367396582e-01,4.811743311442489013e-01,3.689830684114581150e-01,-7.565594825662927403e-02,4.671818943710661087e-01,3.662220307724357582e-01,4.099602779162478394e-01,4.212524685249272038e-01,4.591111549633480893e-01,4.273953480411203376e-01,4.280018284714138255e-01,3.969395058313371361e-01,4.227651809308970998e-01,9.246578346283521044e-02,4.698765238024240065e-01,-3.723611091085850255e-02,4.712053714197858567e-01,4.408362258622252061e-01,4.266700377674830236e-01,4.768113302909977591e-01,2.960849586056462646e-01,-8.171288255361022768e-02,2.047100001842847850e-01,3.059574220624015628e-01,2.954297706228324882e-01
3.940459999302680094e-01,4.308133577995086338e-01,4.511602659811292382e-01,4.968962564427062412e-01,4.786701499792956338e-01,4.614704518843654180e-01,4.948885457338533245e-01,4.989552444885299032e-01,4.797678406274993868e-01,4.980610868225794352e-01,4.607873109617824370e-01,4.897781262520867762e-01,4.707082454242584313e-01,4.936776493302343916e-01,4.316150866005906139e-01,4.881922170924885007e-01,4.963443143815646774e-01,4.961097488102244046e-01,4.644380247044667120e-01,4.503103300295877021e-01,4.704993624758851967e-01,4.763941284599181869e-01,3.720114183017104309e-02,4.932606929773404314e-01,4.846633819938917509e-01,4.694773008730150354e-01,4.748091366307735650e-01,4.935312763279469106e-01,4.905481401953776244e-01,3.840738000584388578e-02,4.587883005008729365e-01,6.053424070725953177e-02,4.938189230582797351e-01,4.860648654097660115e-01,4.969316548834605274e-01,4.735545480188578793e-01,4.940669575464102792e-01,4.963736578896950080e-01,4.049646162932082905e-01,4.801437517401483390e-01,4.857271545952963065e-01,4.393046532670416005e-01,4.743223442288926200e-02,3.775034219507176353e-02,4.265984426783581140e-01,4.922549474441451633e-01,4.608249955124899544e-01,4.852361567130331066e-01,4.448745589179869397e-01,3.953868617780719186e-01
2.302488959097295229e-01,4.935443255354588499e-01,4.908521715191162538e-01,4.977320127202512490e-01,4.836466699017866189e-01,4.896556295690026595e-01,4.888300524692240634e-01,4.994446716602989333e-01,4.881559171397679697e-01,4.982482574146376852e-01,1.707566586130076780e-01,4.815779306291512740e-01,4.976227319901731505e-01,1.663507820444431740e-01,2.238420647106038330e-01,4.946558392404271087e-01,4.990271120983073017e-01,4.983861709320380751e-01,1.687023975008859755e-01,4.332672288075037903e-01,3.729274836542735283e-01,4.984686540318641335e-01,4.754261880986255795e-01,4.862738959952314088e-01,4.852651262953818212e-01,4.864375651634877951e-01,4.976836761940715004e-01,4.574851600863708012e-01,4.951002929927482699e-01,4.782955603284462787e-01,2.280486348240816918e-01,4.681131015125024608e-01,4.964944490652226095e-01,4.933667142022870045e-01,4.987072426890221122e-01,4.864943975994631131e-01,4.949496881567244655e-01,4.976548380406811689e-01,1.055871798839132653e-01,4.371389519043664129e-01,4.940725213948241601e-01,4.949521401811329269e-01,4.789480732638348170e-01,4.614552038635328923e-01,4.971766151624212315e-01,4.866584607366650772e-01,4.954043647558240004e-01,4.525931635855255375e-01,2.319995648891602924e-01,2.090410983324487160e-01
3.654202307050591347e-01,4.919023891192307318e-01,4.805862292724636942e-01,4.957512428834996432e-01,4.947610698769336901e-01,4.961009906174254636e-01,4.752242850797226414e-01,4.991060989272841364e-01,4.941889073128362120e-01,4.980180946146907650e-01,4.431087993737141129e-01,4.757470891754885245e-01,4.984385756098960174e-01,4.205395473549354834e-01,3.582753500372396482e-01,4.967744359542379806e-01,4.991647132336505810e-01,4.986208739579065519e-01,4.429685184926540620e-01,4.659710299601219075e-01,3.674369814457015271e-01,4.985727579576041957e-01,4.920950273849840628e-01,4.966488558296092148e-01,4.931703261541071637e-01,4.901179931953171809e-01,4.969394658076284332e-01,4.488314129136324326e-01,4.936608116849028338e-01,4.939577582559289692e-01,4.922780659687224780e-01,4.565512196261481415e-01,4.959938444051856798e-01,4.971094437467390992e-01,4.985100332272385248e-01,4.970881569409465461e-01,4.952860727238005967e-01,4.945034034020231450e-01,3.471108861091971587e-01,4.888382772307796054e-01,4.946110307247947868e-01,4.903794791614135007e-01,4.883283785479331507e-01,4.735409599480400189e-01,4.969944321708452128e-01,4.720020099869092212e-01,4.937014183882231233e-01,4.307049751626675915e-01,3.645284139194401307e-01,3.039248470409182667e-01
4.880162850498419025e-01,4.893586011125805602e-01,4.861563714363411060e-01,4.971805212557017239e-01,4.942269657663395654e-01,4.975787039234466635e-01,4.561422453352586559e-01,4.986603600756507881e-01,4.957806311178956093e-01,4.982718156691129940e-01,4.772848684986989443e-01,4.943817179016248842e-01,4.986421588451633857e-01,4.597766921227417480e-01,4.812911983819446182e-01,4.603253605012377347e-01,4.905750832478382173e-01,4.979027606201696932e-01,4.757227728845509485e-01,4.840061829371056779e-01,4.685241359375835746e-01,4.989077161568302166e-01,4.941123456638589762e-01,4.960883268432574877e-01,4.919341013228446524e-01,4.872312972791755237e-01,4.966991647048125680e-01,4.945050195810589688e-01,4.655346995762987272e-01,4.956236426132247241e-01,4.879013585063524672e-01,4.943959438304915688e-01,4.949549996244019812e-01,4.974642579935113496e-01,4.980095963677736437e-01,4.979370255578061677e-01,4.922075738514725685e-01,4.894232732161419852e-01,4.443289344798854734e-01,4.818089393132425347e-01,4.899622979158435587e-01,4.877290812951649013e-01,4.870164432840825564e-01,4.689157649933262673e-01,4.971829936853043308e-01,4.849097377742246362e-01,4.919140264432401155e-01,4.849935786243571023e-01,4.946178845124366563e-01,4.411492762802619594e-01
